data:
10000,100
9999,101
9998,102
9997,103
9996,104
9995,105
9994,106
9993,107
9992,108
9991,109
9990,110
9989,111
9988,112
9987,113
9986,114
9985,115
9984,116
9983,117
9982,118
9981,119
9980,120
9979,121
9978,122
9977,123
9976,124
9975,125
9974,126
9973,127
9972,128
9971,129
9970,130
9969,131
9968,132
9967,133
9966,134
9965,135
9964,136
9963,137
9962,138
9961,139
9960,140
9959,141
9958,142
9957,143
9956,144
9955,145
9954,146
9953,147
9952,148
9951,149
9950,150
9949,151
9948,152
9947,153
9946,154
9945,155
9944,156
9943,157
9942,158
9941,159
9940,160
9939,161
9938,162
9937,163
9936,164
9935,165
9934,166
9933,167
9932,168
9931,169
9930,170
9929,171
9928,172
9927,173
9926,174
9925,175
9924,176
9923,177
9922,178
9921,179
9920,180
9919,181
9918,182
9917,183
9916,184
9915,185
9914,186
9913,187
9912,188
9911,189
9910,190
9909,191
9908,192
9907,193
9906,194
9905,195
9904,196
9903,197
9902,198
9901,199
9900,200
9899,201
9898,202
9897,203
9896,204
9895,205
9894,206
9893,207
9892,208
9891,209
9890,210
9889,211
9888,212
9887,213
9886,214
9885,215
9884,216
9883,217
9882,218
9881,219
9880,220
9879,221
9878,222
9877,223
9876,224
9875,225
9874,226
9873,227
9872,228
9871,229
9870,230
9869,231
9868,232
9867,233
9866,234
9865,235
9864,236
9863,237
9862,238
9861,239
9860,240
9859,241
9858,242
9857,243
9856,244
9855,245
9854,246
9853,247
9852,248
9851,249
9850,250
9849,251
9848,252
9847,253
9846,254
9845,255
9844,256
9843,257
9842,258
9841,259
9840,260
9839,261
9838,262
9837,263
9836,264
9835,265
9834,266
9833,267
9832,268
9831,269
9830,270
9829,271
9828,272
9827,273
9826,274
9825,275
9824,276
9823,277
9822,278
9821,279
9820,280
9819,281
9818,282
9817,283
9816,284
9815,285
9814,286
9813,287
9812,288
9811,289
9810,290
9809,291
9808,292
9807,293
9806,294
9805,295
9804,296
9803,297
9802,298
9801,299
9800,300
9799,301
9798,302
9797,303
9796,304
9795,305
9794,306
9793,307
9792,308
9791,309
9790,310
9789,311
9788,312
9787,313
9786,314
9785,315
9784,316
9783,317
9782,318
9781,319
9780,320
9779,321
9778,322
9777,323
9776,324
9775,325
9774,326
9773,327
9772,328
9771,329
9770,330
9769,331
9768,332
9767,333
9766,334
9765,335
9764,336
9763,337
9762,338
9761,339
9760,340
9759,341
9758,342
9757,343
9756,344
9755,345
9754,346
9753,347
9752,348
9751,349
9750,350
9749,351
9748,352
9747,353
9746,354
9745,355
9744,356
9743,357
9742,358
9741,359
9740,360
9739,361
9738,362
9737,363
9736,364
9735,365
9734,366
9733,367
9732,368
9731,369
9730,370
9729,371
9728,372
9727,373
9726,374
9725,375
9724,376
9723,377
9722,378
9721,379
9720,380
9719,381
9718,382
9717,383
9716,384
9715,385
9714,386
9713,387
9712,388
9711,389
9710,390
9709,391
9708,392
9707,393
9706,394
9705,395
9704,396
9703,397
9702,398
9701,399
9700,400
9699,401
9698,402
9697,403
9696,404
9695,405
9694,406
9693,407
9692,408
9691,409
9690,410
9689,411
9688,412
9687,413
9686,414
9685,415
9684,416
9683,417
9682,418
9681,419
9680,420
9679,421
9678,422
9677,423
9676,424
9675,425
9674,426
9673,427
9672,428
9671,429
9670,430
9669,431
9668,432
9667,433
9666,434
9665,435
9664,436
9663,437
9662,438
9661,439
9660,440
9659,441
9658,442
9657,443
9656,444
9655,445
9654,446
9653,447
9652,448
9651,449
9650,450
9649,451
9648,452
9647,453
9646,454
9645,455
9644,456
9643,457
9642,458
9641,459
9640,460
9639,461
9638,462
9637,463
9636,464
9635,465
9634,466
9633,467
9632,468
9631,469
9630,470
9629,471
9628,472
9627,473
9626,474
9625,475
9624,476
9623,477
9622,478
9621,479
9620,480
9619,481
9618,482
9617,483
9616,484
9615,485
9614,486
9613,487
9612,488
9611,489
9610,490
9609,491
9608,492
9607,493
9606,494
9605,495
9604,496
9603,497
9602,498
9601,499
9600,500
9599,501
9598,502
9597,503
9596,504
9595,505
9594,506
9593,507
9592,508
9591,509
9590,510
9589,511
9588,512
9587,513
9586,514
9585,515
9584,516
9583,517
9582,518
9581,519
9580,520
9579,521
9578,522
9577,523
9576,524
9575,525
9574,526
9573,527
9572,528
9571,529
9570,530
9569,531
9568,532
9567,533
9566,534
9565,535
9564,536
9563,537
9562,538
9561,539
9560,540
9559,541
9558,542
9557,543
9556,544
9555,545
9554,546
9553,547
9552,548
9551,549
9550,550
9549,551
9548,552
9547,553
9546,554
9545,555
9544,556
9543,557
9542,558
9541,559
9540,560
9539,561
9538,562
9537,563
9536,564
9535,565
9534,566
9533,567
9532,568
9531,569
9530,570
9529,571
9528,572
9527,573
9526,574
9525,575
9524,576
9523,577
9522,578
9521,579
9520,580
9519,581
9518,582
9517,583
9516,584
9515,585
9514,586
9513,587
9512,588
9511,589
9510,590
9509,591
9508,592
9507,593
9506,594
9505,595
9504,596
9503,597
9502,598
9501,599
9500,600
9499,601
9498,602
9497,603
9496,604
9495,605
9494,606
9493,607
9492,608
9491,609
9490,610
9489,611
9488,612
9487,613
9486,614
9485,615
9484,616
9483,617
9482,618
9481,619
9480,620
9479,621
9478,622
9477,623
9476,624
9475,625
9474,626
9473,627
9472,628
9471,629
9470,630
9469,631
9468,632
9467,633
9466,634
9465,635
9464,636
9463,637
9462,638
9461,639
9460,640
9459,641
9458,642
9457,643
9456,644
9455,645
9454,646
9453,647
9452,648
9451,649
9450,650
9449,651
9448,652
9447,653
9446,654
9445,655
9444,656
9443,657
9442,658
9441,659
9440,660
9439,661
9438,662
9437,663
9436,664
9435,665
9434,666
9433,667
9432,668
9431,669
9430,670
9429,671
9428,672
9427,673
9426,674
9425,675
9424,676
9423,677
9422,678
9421,679
9420,680
9419,681
9418,682
9417,683
9416,684
9415,685
9414,686
9413,687
9412,688
9411,689
9410,690
9409,691
9408,692
9407,693
9406,694
9405,695
9404,696
9403,697
9402,698
9401,699
9400,700
9399,701
9398,702
9397,703
9396,704
9395,705
9394,706
9393,707
9392,708
9391,709
9390,710
9389,711
9388,712
9387,713
9386,714
9385,715
9384,716
9383,717
9382,718
9381,719
9380,720
9379,721
9378,722
9377,723
9376,724
9375,725
9374,726
9373,727
9372,728
9371,729
9370,730
9369,731
9368,732
9367,733
9366,734
9365,735
9364,736
9363,737
9362,738
9361,739
9360,740
9359,741
9358,742
9357,743
9356,744
9355,745
9354,746
9353,747
9352,748
9351,749
9350,750
9349,751
9348,752
9347,753
9346,754
9345,755
9344,756
9343,757
9342,758
9341,759
9340,760
9339,761
9338,762
9337,763
9336,764
9335,765
9334,766
9333,767
9332,768
9331,769
9330,770
9329,771
9328,772
9327,773
9326,774
9325,775
9324,776
9323,777
9322,778
9321,779
9320,780
9319,781
9318,782
9317,783
9316,784
9315,785
9314,786
9313,787
9312,788
9311,789
9310,790
9309,791
9308,792
9307,793
9306,794
9305,795
9304,796
9303,797
9302,798
9301,799
9300,800
9299,801
9298,802
9297,803
9296,804
9295,805
9294,806
9293,807
9292,808
9291,809
9290,810
9289,811
9288,812
9287,813
9286,814
9285,815
9284,816
9283,817
9282,818
9281,819
9280,820
9279,821
9278,822
9277,823
9276,824
9275,825
9274,826
9273,827
9272,828
9271,829
9270,830
9269,831
9268,832
9267,833
9266,834
9265,835
9264,836
9263,837
9262,838
9261,839
9260,840
9259,841
9258,842
9257,843
9256,844
9255,845
9254,846
9253,847
9252,848
9251,849
9250,850
9249,851
9248,852
9247,853
9246,854
9245,855
9244,856
9243,857
9242,858
9241,859
9240,860
9239,861
9238,862
9237,863
9236,864
9235,865
9234,866
9233,867
9232,868
9231,869
9230,870
9229,871
9228,872
9227,873
9226,874
9225,875
9224,876
9223,877
9222,878
9221,879
9220,880
9219,881
9218,882
9217,883
9216,884
9215,885
9214,886
9213,887
9212,888
9211,889
9210,890
9209,891
9208,892
9207,893
9206,894
9205,895
9204,896
9203,897
9202,898
9201,899
9200,900
9199,901
9198,902
9197,903
9196,904
9195,905
9194,906
9193,907
9192,908
9191,909
9190,910
9189,911
9188,912
9187,913
9186,914
9185,915
9184,916
9183,917
9182,918
9181,919
9180,920
9179,921
9178,922
9177,923
9176,924
9175,925
9174,926
9173,927
9172,928
9171,929
9170,930
9169,931
9168,932
9167,933
9166,934
9165,935
9164,936
9163,937
9162,938
9161,939
9160,940
9159,941
9158,942
9157,943
9156,944
9155,945
9154,946
9153,947
9152,948
9151,949
9150,950
9149,951
9148,952
9147,953
9146,954
9145,955
9144,956
9143,957
9142,958
9141,959
9140,960
9139,961
9138,962
9137,963
9136,964
9135,965
9134,966
9133,967
9132,968
9131,969
9130,970
9129,971
9128,972
9127,973
9126,974
9125,975
9124,976
9123,977
9122,978
9121,979
9120,980
9119,981
9118,982
9117,983
9116,984
9115,985
9114,986
9113,987
9112,988
9111,989
9110,990
9109,991
9108,992
9107,993
9106,994
9105,995
9104,996
9103,997
9102,998
9101,999
9100,1000
9099,1001
9098,1002
9097,1003
9096,1004
9095,1005
9094,1006
9093,1007
9092,1008
9091,1009
9090,1010
9089,1011
9088,1012
9087,1013
9086,1014
9085,1015
9084,1016
9083,1017
9082,1018
9081,1019
9080,1020
9079,1021
9078,1022
9077,1023
9076,1024
9075,1025
9074,1026
9073,1027
9072,1028
9071,1029
9070,1030
9069,1031
9068,1032
9067,1033
9066,1034
9065,1035
9064,1036
9063,1037
9062,1038
9061,1039
9060,1040
9059,1041
9058,1042
9057,1043
9056,1044
9055,1045
9054,1046
9053,1047
9052,1048
9051,1049
9050,1050
9049,1051
9048,1052
9047,1053
9046,1054
9045,1055
9044,1056
9043,1057
9042,1058
9041,1059
9040,1060
9039,1061
9038,1062
9037,1063
9036,1064
9035,1065
9034,1066
9033,1067
9032,1068
9031,1069
9030,1070
9029,1071
9028,1072
9027,1073
9026,1074
9025,1075
9024,1076
9023,1077
9022,1078
9021,1079
9020,1080
9019,1081
9018,1082
9017,1083
9016,1084
9015,1085
9014,1086
9013,1087
9012,1088
9011,1089
9010,1090
9009,1091
9008,1092
9007,1093
9006,1094
9005,1095
9004,1096
9003,1097
9002,1098
9001,1099
9000,1100
8999,1101
8998,1102
8997,1103
8996,1104
8995,1105
8994,1106
8993,1107
8992,1108
8991,1109
8990,1110
8989,1111
8988,1112
8987,1113
8986,1114
8985,1115
8984,1116
8983,1117
8982,1118
8981,1119
8980,1120
8979,1121
8978,1122
8977,1123
8976,1124
8975,1125
8974,1126
8973,1127
8972,1128
8971,1129
8970,1130
8969,1131
8968,1132
8967,1133
8966,1134
8965,1135
8964,1136
8963,1137
8962,1138
8961,1139
8960,1140
8959,1141
8958,1142
8957,1143
8956,1144
8955,1145
8954,1146
8953,1147
8952,1148
8951,1149
8950,1150
8949,1151
8948,1152
8947,1153
8946,1154
8945,1155
8944,1156
8943,1157
8942,1158
8941,1159
8940,1160
8939,1161
8938,1162
8937,1163
8936,1164
8935,1165
8934,1166
8933,1167
8932,1168
8931,1169
8930,1170
8929,1171
8928,1172
8927,1173
8926,1174
8925,1175
8924,1176
8923,1177
8922,1178
8921,1179
8920,1180
8919,1181
8918,1182
8917,1183
8916,1184
8915,1185
8914,1186
8913,1187
8912,1188
8911,1189
8910,1190
8909,1191
8908,1192
8907,1193
8906,1194
8905,1195
8904,1196
8903,1197
8902,1198
8901,1199
8900,1200
8899,1201
8898,1202
8897,1203
8896,1204
8895,1205
8894,1206
8893,1207
8892,1208
8891,1209
8890,1210
8889,1211
8888,1212
8887,1213
8886,1214
8885,1215
8884,1216
8883,1217
8882,1218
8881,1219
8880,1220
8879,1221
8878,1222
8877,1223
8876,1224
8875,1225
8874,1226
8873,1227
8872,1228
8871,1229
8870,1230
8869,1231
8868,1232
8867,1233
8866,1234
8865,1235
8864,1236
8863,1237
8862,1238
8861,1239
8860,1240
8859,1241
8858,1242
8857,1243
8856,1244
8855,1245
8854,1246
8853,1247
8852,1248
8851,1249
8850,1250
8849,1251
8848,1252
8847,1253
8846,1254
8845,1255
8844,1256
8843,1257
8842,1258
8841,1259
8840,1260
8839,1261
8838,1262
8837,1263
8836,1264
8835,1265
8834,1266
8833,1267
8832,1268
8831,1269
8830,1270
8829,1271
8828,1272
8827,1273
8826,1274
8825,1275
8824,1276
8823,1277
8822,1278
8821,1279
8820,1280
8819,1281
8818,1282
8817,1283
8816,1284
8815,1285
8814,1286
8813,1287
8812,1288
8811,1289
8810,1290
8809,1291
8808,1292
8807,1293
8806,1294
8805,1295
8804,1296
8803,1297
8802,1298
8801,1299
8800,1300
8799,1301
8798,1302
8797,1303
8796,1304
8795,1305
8794,1306
8793,1307
8792,1308
8791,1309
8790,1310
8789,1311
8788,1312
8787,1313
8786,1314
8785,1315
8784,1316
8783,1317
8782,1318
8781,1319
8780,1320
8779,1321
8778,1322
8777,1323
8776,1324
8775,1325
8774,1326
8773,1327
8772,1328
8771,1329
8770,1330
8769,1331
8768,1332
8767,1333
8766,1334
8765,1335
8764,1336
8763,1337
8762,1338
8761,1339
8760,1340
8759,1341
8758,1342
8757,1343
8756,1344
8755,1345
8754,1346
8753,1347
8752,1348
8751,1349
8750,1350
8749,1351
8748,1352
8747,1353
8746,1354
8745,1355
8744,1356
8743,1357
8742,1358
8741,1359
8740,1360
8739,1361
8738,1362
8737,1363
8736,1364
8735,1365
8734,1366
8733,1367
8732,1368
8731,1369
8730,1370
8729,1371
8728,1372
8727,1373
8726,1374
8725,1375
8724,1376
8723,1377
8722,1378
8721,1379
8720,1380
8719,1381
8718,1382
8717,1383
8716,1384
8715,1385
8714,1386
8713,1387
8712,1388
8711,1389
8710,1390
8709,1391
8708,1392
8707,1393
8706,1394
8705,1395
8704,1396
8703,1397
8702,1398
8701,1399
8700,1400
8699,1401
8698,1402
8697,1403
8696,1404
8695,1405
8694,1406
8693,1407
8692,1408
8691,1409
8690,1410
8689,1411
8688,1412
8687,1413
8686,1414
8685,1415
8684,1416
8683,1417
8682,1418
8681,1419
8680,1420
8679,1421
8678,1422
8677,1423
8676,1424
8675,1425
8674,1426
8673,1427
8672,1428
8671,1429
8670,1430
8669,1431
8668,1432
8667,1433
8666,1434
8665,1435
8664,1436
8663,1437
8662,1438
8661,1439
8660,1440
8659,1441
8658,1442
8657,1443
8656,1444
8655,1445
8654,1446
8653,1447
8652,1448
8651,1449
8650,1450
8649,1451
8648,1452
8647,1453
8646,1454
8645,1455
8644,1456
8643,1457
8642,1458
8641,1459
8640,1460
8639,1461
8638,1462
8637,1463
8636,1464
8635,1465
8634,1466
8633,1467
8632,1468
8631,1469
8630,1470
8629,1471
8628,1472
8627,1473
8626,1474
8625,1475
8624,1476
8623,1477
8622,1478
8621,1479
8620,1480
8619,1481
8618,1482
8617,1483
8616,1484
8615,1485
8614,1486
8613,1487
8612,1488
8611,1489
8610,1490
8609,1491
8608,1492
8607,1493
8606,1494
8605,1495
8604,1496
8603,1497
8602,1498
8601,1499
8600,1500
8599,1501
8598,1502
8597,1503
8596,1504
8595,1505
8594,1506
8593,1507
8592,1508
8591,1509
8590,1510
8589,1511
8588,1512
8587,1513
8586,1514
8585,1515
8584,1516
8583,1517
8582,1518
8581,1519
8580,1520
8579,1521
8578,1522
8577,1523
8576,1524
8575,1525
8574,1526
8573,1527
8572,1528
8571,1529
8570,1530
8569,1531
8568,1532
8567,1533
8566,1534
8565,1535
8564,1536
8563,1537
8562,1538
8561,1539
8560,1540
8559,1541
8558,1542
8557,1543
8556,1544
8555,1545
8554,1546
8553,1547
8552,1548
8551,1549
8550,1550
8549,1551
8548,1552
8547,1553
8546,1554
8545,1555
8544,1556
8543,1557
8542,1558
8541,1559
8540,1560
8539,1561
8538,1562
8537,1563
8536,1564
8535,1565
8534,1566
8533,1567
8532,1568
8531,1569
8530,1570
8529,1571
8528,1572
8527,1573
8526,1574
8525,1575
8524,1576
8523,1577
8522,1578
8521,1579
8520,1580
8519,1581
8518,1582
8517,1583
8516,1584
8515,1585
8514,1586
8513,1587
8512,1588
8511,1589
8510,1590
8509,1591
8508,1592
8507,1593
8506,1594
8505,1595
8504,1596
8503,1597
8502,1598
8501,1599
8500,1600
8499,1601
8498,1602
8497,1603
8496,1604
8495,1605
8494,1606
8493,1607
8492,1608
8491,1609
8490,1610
8489,1611
8488,1612
8487,1613
8486,1614
8485,1615
8484,1616
8483,1617
8482,1618
8481,1619
8480,1620
8479,1621
8478,1622
8477,1623
8476,1624
8475,1625
8474,1626
8473,1627
8472,1628
8471,1629
8470,1630
8469,1631
8468,1632
8467,1633
8466,1634
8465,1635
8464,1636
8463,1637
8462,1638
8461,1639
8460,1640
8459,1641
8458,1642
8457,1643
8456,1644
8455,1645
8454,1646
8453,1647
8452,1648
8451,1649
8450,1650
8449,1651
8448,1652
8447,1653
8446,1654
8445,1655
8444,1656
8443,1657
8442,1658
8441,1659
8440,1660
8439,1661
8438,1662
8437,1663
8436,1664
8435,1665
8434,1666
8433,1667
8432,1668
8431,1669
8430,1670
8429,1671
8428,1672
8427,1673
8426,1674
8425,1675
8424,1676
8423,1677
8422,1678
8421,1679
8420,1680
8419,1681
8418,1682
8417,1683
8416,1684
8415,1685
8414,1686
8413,1687
8412,1688
8411,1689
8410,1690
8409,1691
8408,1692
8407,1693
8406,1694
8405,1695
8404,1696
8403,1697
8402,1698
8401,1699
8400,1700
8399,1701
8398,1702
8397,1703
8396,1704
8395,1705
8394,1706
8393,1707
8392,1708
8391,1709
8390,1710
8389,1711
8388,1712
8387,1713
8386,1714
8385,1715
8384,1716
8383,1717
8382,1718
8381,1719
8380,1720
8379,1721
8378,1722
8377,1723
8376,1724
8375,1725
8374,1726
8373,1727
8372,1728
8371,1729
8370,1730
8369,1731
8368,1732
8367,1733
8366,1734
8365,1735
8364,1736
8363,1737
8362,1738
8361,1739
8360,1740
8359,1741
8358,1742
8357,1743
8356,1744
8355,1745
8354,1746
8353,1747
8352,1748
8351,1749
8350,1750
8349,1751
8348,1752
8347,1753
8346,1754
8345,1755
8344,1756
8343,1757
8342,1758
8341,1759
8340,1760
8339,1761
8338,1762
8337,1763
8336,1764
8335,1765
8334,1766
8333,1767
8332,1768
8331,1769
8330,1770
8329,1771
8328,1772
8327,1773
8326,1774
8325,1775
8324,1776
8323,1777
8322,1778
8321,1779
8320,1780
8319,1781
8318,1782
8317,1783
8316,1784
8315,1785
8314,1786
8313,1787
8312,1788
8311,1789
8310,1790
8309,1791
8308,1792
8307,1793
8306,1794
8305,1795
8304,1796
8303,1797
8302,1798
8301,1799
8300,1800
8299,1801
8298,1802
8297,1803
8296,1804
8295,1805
8294,1806
8293,1807
8292,1808
8291,1809
8290,1810
8289,1811
8288,1812
8287,1813
8286,1814
8285,1815
8284,1816
8283,1817
8282,1818
8281,1819
8280,1820
8279,1821
8278,1822
8277,1823
8276,1824
8275,1825
8274,1826
8273,1827
8272,1828
8271,1829
8270,1830
8269,1831
8268,1832
8267,1833
8266,1834
8265,1835
8264,1836
8263,1837
8262,1838
8261,1839
8260,1840
8259,1841
8258,1842
8257,1843
8256,1844
8255,1845
8254,1846
8253,1847
8252,1848
8251,1849
8250,1850
8249,1851
8248,1852
8247,1853
8246,1854
8245,1855
8244,1856
8243,1857
8242,1858
8241,1859
8240,1860
8239,1861
8238,1862
8237,1863
8236,1864
8235,1865
8234,1866
8233,1867
8232,1868
8231,1869
8230,1870
8229,1871
8228,1872
8227,1873
8226,1874
8225,1875
8224,1876
8223,1877
8222,1878
8221,1879
8220,1880
8219,1881
8218,1882
8217,1883
8216,1884
8215,1885
8214,1886
8213,1887
8212,1888
8211,1889
8210,1890
8209,1891
8208,1892
8207,1893
8206,1894
8205,1895
8204,1896
8203,1897
8202,1898
8201,1899
8200,1900
8199,1901
8198,1902
8197,1903
8196,1904
8195,1905
8194,1906
8193,1907
8192,1908
8191,1909
8190,1910
8189,1911
8188,1912
8187,1913
8186,1914
8185,1915
8184,1916
8183,1917
8182,1918
8181,1919
8180,1920
8179,1921
8178,1922
8177,1923
8176,1924
8175,1925
8174,1926
8173,1927
8172,1928
8171,1929
8170,1930
8169,1931
8168,1932
8167,1933
8166,1934
8165,1935
8164,1936
8163,1937
8162,1938
8161,1939
8160,1940
8159,1941
8158,1942
8157,1943
8156,1944
8155,1945
8154,1946
8153,1947
8152,1948
8151,1949
8150,1950
8149,1951
8148,1952
8147,1953
8146,1954
8145,1955
8144,1956
8143,1957
8142,1958
8141,1959
8140,1960
8139,1961
8138,1962
8137,1963
8136,1964
8135,1965
8134,1966
8133,1967
8132,1968
8131,1969
8130,1970
8129,1971
8128,1972
8127,1973
8126,1974
8125,1975
8124,1976
8123,1977
8122,1978
8121,1979
8120,1980
8119,1981
8118,1982
8117,1983
8116,1984
8115,1985
8114,1986
8113,1987
8112,1988
8111,1989
8110,1990
8109,1991
8108,1992
8107,1993
8106,1994
8105,1995
8104,1996
8103,1997
8102,1998
8101,1999
8100,2000
8099,2001
8098,2002
8097,2003
8096,2004
8095,2005
8094,2006
8093,2007
8092,2008
8091,2009
8090,2010
8089,2011
8088,2012
8087,2013
8086,2014
8085,2015
8084,2016
8083,2017
8082,2018
8081,2019
8080,2020
8079,2021
8078,2022
8077,2023
8076,2024
8075,2025
8074,2026
8073,2027
8072,2028
8071,2029
8070,2030
8069,2031
8068,2032
8067,2033
8066,2034
8065,2035
8064,2036
8063,2037
8062,2038
8061,2039
8060,2040
8059,2041
8058,2042
8057,2043
8056,2044
8055,2045
8054,2046
8053,2047
8052,2048
8051,2049
8050,2050
8049,2051
8048,2052
8047,2053
8046,2054
8045,2055
8044,2056
8043,2057
8042,2058
8041,2059
8040,2060
8039,2061
8038,2062
8037,2063
8036,2064
8035,2065
8034,2066
8033,2067
8032,2068
8031,2069
8030,2070
8029,2071
8028,2072
8027,2073
8026,2074
8025,2075
8024,2076
8023,2077
8022,2078
8021,2079
8020,2080
8019,2081
8018,2082
8017,2083
8016,2084
8015,2085
8014,2086
8013,2087
8012,2088
8011,2089
8010,2090
8009,2091
8008,2092
8007,2093
8006,2094
8005,2095
8004,2096
8003,2097
8002,2098
8001,2099
8000,2100
7999,2101
7998,2102
7997,2103
7996,2104
7995,2105
7994,2106
7993,2107
7992,2108
7991,2109
7990,2110
7989,2111
7988,2112
7987,2113
7986,2114
7985,2115
7984,2116
7983,2117
7982,2118
7981,2119
7980,2120
7979,2121
7978,2122
7977,2123
7976,2124
7975,2125
7974,2126
7973,2127
7972,2128
7971,2129
7970,2130
7969,2131
7968,2132
7967,2133
7966,2134
7965,2135
7964,2136
7963,2137
7962,2138
7961,2139
7960,2140
7959,2141
7958,2142
7957,2143
7956,2144
7955,2145
7954,2146
7953,2147
7952,2148
7951,2149
7950,2150
7949,2151
7948,2152
7947,2153
7946,2154
7945,2155
7944,2156
7943,2157
7942,2158
7941,2159
7940,2160
7939,2161
7938,2162
7937,2163
7936,2164
7935,2165
7934,2166
7933,2167
7932,2168
7931,2169
7930,2170
7929,2171
7928,2172
7927,2173
7926,2174
7925,2175
7924,2176
7923,2177
7922,2178
7921,2179
7920,2180
7919,2181
7918,2182
7917,2183
7916,2184
7915,2185
7914,2186
7913,2187
7912,2188
7911,2189
7910,2190
7909,2191
7908,2192
7907,2193
7906,2194
7905,2195
7904,2196
7903,2197
7902,2198
7901,2199
7900,2200
7899,2201
7898,2202
7897,2203
7896,2204
7895,2205
7894,2206
7893,2207
7892,2208
7891,2209
7890,2210
7889,2211
7888,2212
7887,2213
7886,2214
7885,2215
7884,2216
7883,2217
7882,2218
7881,2219
7880,2220
7879,2221
7878,2222
7877,2223
7876,2224
7875,2225
7874,2226
7873,2227
7872,2228
7871,2229
7870,2230
7869,2231
7868,2232
7867,2233
7866,2234
7865,2235
7864,2236
7863,2237
7862,2238
7861,2239
7860,2240
7859,2241
7858,2242
7857,2243
7856,2244
7855,2245
7854,2246
7853,2247
7852,2248
7851,2249
7850,2250
7849,2251
7848,2252
7847,2253
7846,2254
7845,2255
7844,2256
7843,2257
7842,2258
7841,2259
7840,2260
7839,2261
7838,2262
7837,2263
7836,2264
7835,2265
7834,2266
7833,2267
7832,2268
7831,2269
7830,2270
7829,2271
7828,2272
7827,2273
7826,2274
7825,2275
7824,2276
7823,2277
7822,2278
7821,2279
7820,2280
7819,2281
7818,2282
7817,2283
7816,2284
7815,2285
7814,2286
7813,2287
7812,2288
7811,2289
7810,2290
7809,2291
7808,2292
7807,2293
7806,2294
7805,2295
7804,2296
7803,2297
7802,2298
7801,2299
7800,2300
7799,2301
7798,2302
7797,2303
7796,2304
7795,2305
7794,2306
7793,2307
7792,2308
7791,2309
7790,2310
7789,2311
7788,2312
7787,2313
7786,2314
7785,2315
7784,2316
7783,2317
7782,2318
7781,2319
7780,2320
7779,2321
7778,2322
7777,2323
7776,2324
7775,2325
7774,2326
7773,2327
7772,2328
7771,2329
7770,2330
7769,2331
7768,2332
7767,2333
7766,2334
7765,2335
7764,2336
7763,2337
7762,2338
7761,2339
7760,2340
7759,2341
7758,2342
7757,2343
7756,2344
7755,2345
7754,2346
7753,2347
7752,2348
7751,2349
7750,2350
7749,2351
7748,2352
7747,2353
7746,2354
7745,2355
7744,2356
7743,2357
7742,2358
7741,2359
7740,2360
7739,2361
7738,2362
7737,2363
7736,2364
7735,2365
7734,2366
7733,2367
7732,2368
7731,2369
7730,2370
7729,2371
7728,2372
7727,2373
7726,2374
7725,2375
7724,2376
7723,2377
7722,2378
7721,2379
7720,2380
7719,2381
7718,2382
7717,2383
7716,2384
7715,2385
7714,2386
7713,2387
7712,2388
7711,2389
7710,2390
7709,2391
7708,2392
7707,2393
7706,2394
7705,2395
7704,2396
7703,2397
7702,2398
7701,2399
7700,2400
7699,2401
7698,2402
7697,2403
7696,2404
7695,2405
7694,2406
7693,2407
7692,2408
7691,2409
7690,2410
7689,2411
7688,2412
7687,2413
7686,2414
7685,2415
7684,2416
7683,2417
7682,2418
7681,2419
7680,2420
7679,2421
7678,2422
7677,2423
7676,2424
7675,2425
7674,2426
7673,2427
7672,2428
7671,2429
7670,2430
7669,2431
7668,2432
7667,2433
7666,2434
7665,2435
7664,2436
7663,2437
7662,2438
7661,2439
7660,2440
7659,2441
7658,2442
7657,2443
7656,2444
7655,2445
7654,2446
7653,2447
7652,2448
7651,2449
7650,2450
7649,2451
7648,2452
7647,2453
7646,2454
7645,2455
7644,2456
7643,2457
7642,2458
7641,2459
7640,2460
7639,2461
7638,2462
7637,2463
7636,2464
7635,2465
7634,2466
7633,2467
7632,2468
7631,2469
7630,2470
7629,2471
7628,2472
7627,2473
7626,2474
7625,2475
7624,2476
7623,2477
7622,2478
7621,2479
7620,2480
7619,2481
7618,2482
7617,2483
7616,2484
7615,2485
7614,2486
7613,2487
7612,2488
7611,2489
7610,2490
7609,2491
7608,2492
7607,2493
7606,2494
7605,2495
7604,2496
7603,2497
7602,2498
7601,2499
7600,2500
7599,2501
7598,2502
7597,2503
7596,2504
7595,2505
7594,2506
7593,2507
7592,2508
7591,2509
7590,2510
7589,2511
7588,2512
7587,2513
7586,2514
7585,2515
7584,2516
7583,2517
7582,2518
7581,2519
7580,2520
7579,2521
7578,2522
7577,2523
7576,2524
7575,2525
7574,2526
7573,2527
7572,2528
7571,2529
7570,2530
7569,2531
7568,2532
7567,2533
7566,2534
7565,2535
7564,2536
7563,2537
7562,2538
7561,2539
7560,2540
7559,2541
7558,2542
7557,2543
7556,2544
7555,2545
7554,2546
7553,2547
7552,2548
7551,2549
7550,2550
7549,2551
7548,2552
7547,2553
7546,2554
7545,2555
7544,2556
7543,2557
7542,2558
7541,2559
7540,2560
7539,2561
7538,2562
7537,2563
7536,2564
7535,2565
7534,2566
7533,2567
7532,2568
7531,2569
7530,2570
7529,2571
7528,2572
7527,2573
7526,2574
7525,2575
7524,2576
7523,2577
7522,2578
7521,2579
7520,2580
7519,2581
7518,2582
7517,2583
7516,2584
7515,2585
7514,2586
7513,2587
7512,2588
7511,2589
7510,2590
7509,2591
7508,2592
7507,2593
7506,2594
7505,2595
7504,2596
7503,2597
7502,2598
7501,2599
7500,2600
7499,2601
7498,2602
7497,2603
7496,2604
7495,2605
7494,2606
7493,2607
7492,2608
7491,2609
7490,2610
7489,2611
7488,2612
7487,2613
7486,2614
7485,2615
7484,2616
7483,2617
7482,2618
7481,2619
7480,2620
7479,2621
7478,2622
7477,2623
7476,2624
7475,2625
7474,2626
7473,2627
7472,2628
7471,2629
7470,2630
7469,2631
7468,2632
7467,2633
7466,2634
7465,2635
7464,2636
7463,2637
7462,2638
7461,2639
7460,2640
7459,2641
7458,2642
7457,2643
7456,2644
7455,2645
7454,2646
7453,2647
7452,2648
7451,2649
7450,2650
7449,2651
7448,2652
7447,2653
7446,2654
7445,2655
7444,2656
7443,2657
7442,2658
7441,2659
7440,2660
7439,2661
7438,2662
7437,2663
7436,2664
7435,2665
7434,2666
7433,2667
7432,2668
7431,2669
7430,2670
7429,2671
7428,2672
7427,2673
7426,2674
7425,2675
7424,2676
7423,2677
7422,2678
7421,2679
7420,2680
7419,2681
7418,2682
7417,2683
7416,2684
7415,2685
7414,2686
7413,2687
7412,2688
7411,2689
7410,2690
7409,2691
7408,2692
7407,2693
7406,2694
7405,2695
7404,2696
7403,2697
7402,2698
7401,2699
7400,2700
7399,2701
7398,2702
7397,2703
7396,2704
7395,2705
7394,2706
7393,2707
7392,2708
7391,2709
7390,2710
7389,2711
7388,2712
7387,2713
7386,2714
7385,2715
7384,2716
7383,2717
7382,2718
7381,2719
7380,2720
7379,2721
7378,2722
7377,2723
7376,2724
7375,2725
7374,2726
7373,2727
7372,2728
7371,2729
7370,2730
7369,2731
7368,2732
7367,2733
7366,2734
7365,2735
7364,2736
7363,2737
7362,2738
7361,2739
7360,2740
7359,2741
7358,2742
7357,2743
7356,2744
7355,2745
7354,2746
7353,2747
7352,2748
7351,2749
7350,2750
7349,2751
7348,2752
7347,2753
7346,2754
7345,2755
7344,2756
7343,2757
7342,2758
7341,2759
7340,2760
7339,2761
7338,2762
7337,2763
7336,2764
7335,2765
7334,2766
7333,2767
7332,2768
7331,2769
7330,2770
7329,2771
7328,2772
7327,2773
7326,2774
7325,2775
7324,2776
7323,2777
7322,2778
7321,2779
7320,2780
7319,2781
7318,2782
7317,2783
7316,2784
7315,2785
7314,2786
7313,2787
7312,2788
7311,2789
7310,2790
7309,2791
7308,2792
7307,2793
7306,2794
7305,2795
7304,2796
7303,2797
7302,2798
7301,2799
7300,2800
7299,2801
7298,2802
7297,2803
7296,2804
7295,2805
7294,2806
7293,2807
7292,2808
7291,2809
7290,2810
7289,2811
7288,2812
7287,2813
7286,2814
7285,2815
7284,2816
7283,2817
7282,2818
7281,2819
7280,2820
7279,2821
7278,2822
7277,2823
7276,2824
7275,2825
7274,2826
7273,2827
7272,2828
7271,2829
7270,2830
7269,2831
7268,2832
7267,2833
7266,2834
7265,2835
7264,2836
7263,2837
7262,2838
7261,2839
7260,2840
7259,2841
7258,2842
7257,2843
7256,2844
7255,2845
7254,2846
7253,2847
7252,2848
7251,2849
7250,2850
7249,2851
7248,2852
7247,2853
7246,2854
7245,2855
7244,2856
7243,2857
7242,2858
7241,2859
7240,2860
7239,2861
7238,2862
7237,2863
7236,2864
7235,2865
7234,2866
7233,2867
7232,2868
7231,2869
7230,2870
7229,2871
7228,2872
7227,2873
7226,2874
7225,2875
7224,2876
7223,2877
7222,2878
7221,2879
7220,2880
7219,2881
7218,2882
7217,2883
7216,2884
7215,2885
7214,2886
7213,2887
7212,2888
7211,2889
7210,2890
7209,2891
7208,2892
7207,2893
7206,2894
7205,2895
7204,2896
7203,2897
7202,2898
7201,2899
7200,2900
7199,2901
7198,2902
7197,2903
7196,2904
7195,2905
7194,2906
7193,2907
7192,2908
7191,2909
7190,2910
7189,2911
7188,2912
7187,2913
7186,2914
7185,2915
7184,2916
7183,2917
7182,2918
7181,2919
7180,2920
7179,2921
7178,2922
7177,2923
7176,2924
7175,2925
7174,2926
7173,2927
7172,2928
7171,2929
7170,2930
7169,2931
7168,2932
7167,2933
7166,2934
7165,2935
7164,2936
7163,2937
7162,2938
7161,2939
7160,2940
7159,2941
7158,2942
7157,2943
7156,2944
7155,2945
7154,2946
7153,2947
7152,2948
7151,2949
7150,2950
7149,2951
7148,2952
7147,2953
7146,2954
7145,2955
7144,2956
7143,2957
7142,2958
7141,2959
7140,2960
7139,2961
7138,2962
7137,2963
7136,2964
7135,2965
7134,2966
7133,2967
7132,2968
7131,2969
7130,2970
7129,2971
7128,2972
7127,2973
7126,2974
7125,2975
7124,2976
7123,2977
7122,2978
7121,2979
7120,2980
7119,2981
7118,2982
7117,2983
7116,2984
7115,2985
7114,2986
7113,2987
7112,2988
7111,2989
7110,2990
7109,2991
7108,2992
7107,2993
7106,2994
7105,2995
7104,2996
7103,2997
7102,2998
7101,2999
7100,3000
7099,3001
7098,3002
7097,3003
7096,3004
7095,3005
7094,3006
7093,3007
7092,3008
7091,3009
7090,3010
7089,3011
7088,3012
7087,3013
7086,3014
7085,3015
7084,3016
7083,3017
7082,3018
7081,3019
7080,3020
7079,3021
7078,3022
7077,3023
7076,3024
7075,3025
7074,3026
7073,3027
7072,3028
7071,3029
7070,3030
7069,3031
7068,3032
7067,3033
7066,3034
7065,3035
7064,3036
7063,3037
7062,3038
7061,3039
7060,3040
7059,3041
7058,3042
7057,3043
7056,3044
7055,3045
7054,3046
7053,3047
7052,3048
7051,3049
7050,3050
7049,3051
7048,3052
7047,3053
7046,3054
7045,3055
7044,3056
7043,3057
7042,3058
7041,3059
7040,3060
7039,3061
7038,3062
7037,3063
7036,3064
7035,3065
7034,3066
7033,3067
7032,3068
7031,3069
7030,3070
7029,3071
7028,3072
7027,3073
7026,3074
7025,3075
7024,3076
7023,3077
7022,3078
7021,3079
7020,3080
7019,3081
7018,3082
7017,3083
7016,3084
7015,3085
7014,3086
7013,3087
7012,3088
7011,3089
7010,3090
7009,3091
7008,3092
7007,3093
7006,3094
7005,3095
7004,3096
7003,3097
7002,3098
7001,3099
7000,3100
6999,3101
6998,3102
6997,3103
6996,3104
6995,3105
6994,3106
6993,3107
6992,3108
6991,3109
6990,3110
6989,3111
6988,3112
6987,3113
6986,3114
6985,3115
6984,3116
6983,3117
6982,3118
6981,3119
6980,3120
6979,3121
6978,3122
6977,3123
6976,3124
6975,3125
6974,3126
6973,3127
6972,3128
6971,3129
6970,3130
6969,3131
6968,3132
6967,3133
6966,3134
6965,3135
6964,3136
6963,3137
6962,3138
6961,3139
6960,3140
6959,3141
6958,3142
6957,3143
6956,3144
6955,3145
6954,3146
6953,3147
6952,3148
6951,3149
6950,3150
6949,3151
6948,3152
6947,3153
6946,3154
6945,3155
6944,3156
6943,3157
6942,3158
6941,3159
6940,3160
6939,3161
6938,3162
6937,3163
6936,3164
6935,3165
6934,3166
6933,3167
6932,3168
6931,3169
6930,3170
6929,3171
6928,3172
6927,3173
6926,3174
6925,3175
6924,3176
6923,3177
6922,3178
6921,3179
6920,3180
6919,3181
6918,3182
6917,3183
6916,3184
6915,3185
6914,3186
6913,3187
6912,3188
6911,3189
6910,3190
6909,3191
6908,3192
6907,3193
6906,3194
6905,3195
6904,3196
6903,3197
6902,3198
6901,3199
6900,3200
6899,3201
6898,3202
6897,3203
6896,3204
6895,3205
6894,3206
6893,3207
6892,3208
6891,3209
6890,3210
6889,3211
6888,3212
6887,3213
6886,3214
6885,3215
6884,3216
6883,3217
6882,3218
6881,3219
6880,3220
6879,3221
6878,3222
6877,3223
6876,3224
6875,3225
6874,3226
6873,3227
6872,3228
6871,3229
6870,3230
6869,3231
6868,3232
6867,3233
6866,3234
6865,3235
6864,3236
6863,3237
6862,3238
6861,3239
6860,3240
6859,3241
6858,3242
6857,3243
6856,3244
6855,3245
6854,3246
6853,3247
6852,3248
6851,3249
6850,3250
6849,3251
6848,3252
6847,3253
6846,3254
6845,3255
6844,3256
6843,3257
6842,3258
6841,3259
6840,3260
6839,3261
6838,3262
6837,3263
6836,3264
6835,3265
6834,3266
6833,3267
6832,3268
6831,3269
6830,3270
6829,3271
6828,3272
6827,3273
6826,3274
6825,3275
6824,3276
6823,3277
6822,3278
6821,3279
6820,3280
6819,3281
6818,3282
6817,3283
6816,3284
6815,3285
6814,3286
6813,3287
6812,3288
6811,3289
6810,3290
6809,3291
6808,3292
6807,3293
6806,3294
6805,3295
6804,3296
6803,3297
6802,3298
6801,3299
6800,3300
6799,3301
6798,3302
6797,3303
6796,3304
6795,3305
6794,3306
6793,3307
6792,3308
6791,3309
6790,3310
6789,3311
6788,3312
6787,3313
6786,3314
6785,3315
6784,3316
6783,3317
6782,3318
6781,3319
6780,3320
6779,3321
6778,3322
6777,3323
6776,3324
6775,3325
6774,3326
6773,3327
6772,3328
6771,3329
6770,3330
6769,3331
6768,3332
6767,3333
6766,3334
6765,3335
6764,3336
6763,3337
6762,3338
6761,3339
6760,3340
6759,3341
6758,3342
6757,3343
6756,3344
6755,3345
6754,3346
6753,3347
6752,3348
6751,3349
6750,3350
6749,3351
6748,3352
6747,3353
6746,3354
6745,3355
6744,3356
6743,3357
6742,3358
6741,3359
6740,3360
6739,3361
6738,3362
6737,3363
6736,3364
6735,3365
6734,3366
6733,3367
6732,3368
6731,3369
6730,3370
6729,3371
6728,3372
6727,3373
6726,3374
6725,3375
6724,3376
6723,3377
6722,3378
6721,3379
6720,3380
6719,3381
6718,3382
6717,3383
6716,3384
6715,3385
6714,3386
6713,3387
6712,3388
6711,3389
6710,3390
6709,3391
6708,3392
6707,3393
6706,3394
6705,3395
6704,3396
6703,3397
6702,3398
6701,3399
6700,3400
6699,3401
6698,3402
6697,3403
6696,3404
6695,3405
6694,3406
6693,3407
6692,3408
6691,3409
6690,3410
6689,3411
6688,3412
6687,3413
6686,3414
6685,3415
6684,3416
6683,3417
6682,3418
6681,3419
6680,3420
6679,3421
6678,3422
6677,3423
6676,3424
6675,3425
6674,3426
6673,3427
6672,3428
6671,3429
6670,3430
6669,3431
6668,3432
6667,3433
6666,3434
6665,3435
6664,3436
6663,3437
6662,3438
6661,3439
6660,3440
6659,3441
6658,3442
6657,3443
6656,3444
6655,3445
6654,3446
6653,3447
6652,3448
6651,3449
6650,3450
6649,3451
6648,3452
6647,3453
6646,3454
6645,3455
6644,3456
6643,3457
6642,3458
6641,3459
6640,3460
6639,3461
6638,3462
6637,3463
6636,3464
6635,3465
6634,3466
6633,3467
6632,3468
6631,3469
6630,3470
6629,3471
6628,3472
6627,3473
6626,3474
6625,3475
6624,3476
6623,3477
6622,3478
6621,3479
6620,3480
6619,3481
6618,3482
6617,3483
6616,3484
6615,3485
6614,3486
6613,3487
6612,3488
6611,3489
6610,3490
6609,3491
6608,3492
6607,3493
6606,3494
6605,3495
6604,3496
6603,3497
6602,3498
6601,3499
6600,3500
6599,3501
6598,3502
6597,3503
6596,3504
6595,3505
6594,3506
6593,3507
6592,3508
6591,3509
6590,3510
6589,3511
6588,3512
6587,3513
6586,3514
6585,3515
6584,3516
6583,3517
6582,3518
6581,3519
6580,3520
6579,3521
6578,3522
6577,3523
6576,3524
6575,3525
6574,3526
6573,3527
6572,3528
6571,3529
6570,3530
6569,3531
6568,3532
6567,3533
6566,3534
6565,3535
6564,3536
6563,3537
6562,3538
6561,3539
6560,3540
6559,3541
6558,3542
6557,3543
6556,3544
6555,3545
6554,3546
6553,3547
6552,3548
6551,3549
6550,3550
6549,3551
6548,3552
6547,3553
6546,3554
6545,3555
6544,3556
6543,3557
6542,3558
6541,3559
6540,3560
6539,3561
6538,3562
6537,3563
6536,3564
6535,3565
6534,3566
6533,3567
6532,3568
6531,3569
6530,3570
6529,3571
6528,3572
6527,3573
6526,3574
6525,3575
6524,3576
6523,3577
6522,3578
6521,3579
6520,3580
6519,3581
6518,3582
6517,3583
6516,3584
6515,3585
6514,3586
6513,3587
6512,3588
6511,3589
6510,3590
6509,3591
6508,3592
6507,3593
6506,3594
6505,3595
6504,3596
6503,3597
6502,3598
6501,3599
6500,3600
6499,3601
6498,3602
6497,3603
6496,3604
6495,3605
6494,3606
6493,3607
6492,3608
6491,3609
6490,3610
6489,3611
6488,3612
6487,3613
6486,3614
6485,3615
6484,3616
6483,3617
6482,3618
6481,3619
6480,3620
6479,3621
6478,3622
6477,3623
6476,3624
6475,3625
6474,3626
6473,3627
6472,3628
6471,3629
6470,3630
6469,3631
6468,3632
6467,3633
6466,3634
6465,3635
6464,3636
6463,3637
6462,3638
6461,3639
6460,3640
6459,3641
6458,3642
6457,3643
6456,3644
6455,3645
6454,3646
6453,3647
6452,3648
6451,3649
6450,3650
6449,3651
6448,3652
6447,3653
6446,3654
6445,3655
6444,3656
6443,3657
6442,3658
6441,3659
6440,3660
6439,3661
6438,3662
6437,3663
6436,3664
6435,3665
6434,3666
6433,3667
6432,3668
6431,3669
6430,3670
6429,3671
6428,3672
6427,3673
6426,3674
6425,3675
6424,3676
6423,3677
6422,3678
6421,3679
6420,3680
6419,3681
6418,3682
6417,3683
6416,3684
6415,3685
6414,3686
6413,3687
6412,3688
6411,3689
6410,3690
6409,3691
6408,3692
6407,3693
6406,3694
6405,3695
6404,3696
6403,3697
6402,3698
6401,3699
6400,3700
6399,3701
6398,3702
6397,3703
6396,3704
6395,3705
6394,3706
6393,3707
6392,3708
6391,3709
6390,3710
6389,3711
6388,3712
6387,3713
6386,3714
6385,3715
6384,3716
6383,3717
6382,3718
6381,3719
6380,3720
6379,3721
6378,3722
6377,3723
6376,3724
6375,3725
6374,3726
6373,3727
6372,3728
6371,3729
6370,3730
6369,3731
6368,3732
6367,3733
6366,3734
6365,3735
6364,3736
6363,3737
6362,3738
6361,3739
6360,3740
6359,3741
6358,3742
6357,3743
6356,3744
6355,3745
6354,3746
6353,3747
6352,3748
6351,3749
6350,3750
6349,3751
6348,3752
6347,3753
6346,3754
6345,3755
6344,3756
6343,3757
6342,3758
6341,3759
6340,3760
6339,3761
6338,3762
6337,3763
6336,3764
6335,3765
6334,3766
6333,3767
6332,3768
6331,3769
6330,3770
6329,3771
6328,3772
6327,3773
6326,3774
6325,3775
6324,3776
6323,3777
6322,3778
6321,3779
6320,3780
6319,3781
6318,3782
6317,3783
6316,3784
6315,3785
6314,3786
6313,3787
6312,3788
6311,3789
6310,3790
6309,3791
6308,3792
6307,3793
6306,3794
6305,3795
6304,3796
6303,3797
6302,3798
6301,3799
6300,3800
6299,3801
6298,3802
6297,3803
6296,3804
6295,3805
6294,3806
6293,3807
6292,3808
6291,3809
6290,3810
6289,3811
6288,3812
6287,3813
6286,3814
6285,3815
6284,3816
6283,3817
6282,3818
6281,3819
6280,3820
6279,3821
6278,3822
6277,3823
6276,3824
6275,3825
6274,3826
6273,3827
6272,3828
6271,3829
6270,3830
6269,3831
6268,3832
6267,3833
6266,3834
6265,3835
6264,3836
6263,3837
6262,3838
6261,3839
6260,3840
6259,3841
6258,3842
6257,3843
6256,3844
6255,3845
6254,3846
6253,3847
6252,3848
6251,3849
6250,3850
6249,3851
6248,3852
6247,3853
6246,3854
6245,3855
6244,3856
6243,3857
6242,3858
6241,3859
6240,3860
6239,3861
6238,3862
6237,3863
6236,3864
6235,3865
6234,3866
6233,3867
6232,3868
6231,3869
6230,3870
6229,3871
6228,3872
6227,3873
6226,3874
6225,3875
6224,3876
6223,3877
6222,3878
6221,3879
6220,3880
6219,3881
6218,3882
6217,3883
6216,3884
6215,3885
6214,3886
6213,3887
6212,3888
6211,3889
6210,3890
6209,3891
6208,3892
6207,3893
6206,3894
6205,3895
6204,3896
6203,3897
6202,3898
6201,3899
6200,3900
6199,3901
6198,3902
6197,3903
6196,3904
6195,3905
6194,3906
6193,3907
6192,3908
6191,3909
6190,3910
6189,3911
6188,3912
6187,3913
6186,3914
6185,3915
6184,3916
6183,3917
6182,3918
6181,3919
6180,3920
6179,3921
6178,3922
6177,3923
6176,3924
6175,3925
6174,3926
6173,3927
6172,3928
6171,3929
6170,3930
6169,3931
6168,3932
6167,3933
6166,3934
6165,3935
6164,3936
6163,3937
6162,3938
6161,3939
6160,3940
6159,3941
6158,3942
6157,3943
6156,3944
6155,3945
6154,3946
6153,3947
6152,3948
6151,3949
6150,3950
6149,3951
6148,3952
6147,3953
6146,3954
6145,3955
6144,3956
6143,3957
6142,3958
6141,3959
6140,3960
6139,3961
6138,3962
6137,3963
6136,3964
6135,3965
6134,3966
6133,3967
6132,3968
6131,3969
6130,3970
6129,3971
6128,3972
6127,3973
6126,3974
6125,3975
6124,3976
6123,3977
6122,3978
6121,3979
6120,3980
6119,3981
6118,3982
6117,3983
6116,3984
6115,3985
6114,3986
6113,3987
6112,3988
6111,3989
6110,3990
6109,3991
6108,3992
6107,3993
6106,3994
6105,3995
6104,3996
6103,3997
6102,3998
6101,3999
6100,4000
6099,4001
6098,4002
6097,4003
6096,4004
6095,4005
6094,4006
6093,4007
6092,4008
6091,4009
6090,4010
6089,4011
6088,4012
6087,4013
6086,4014
6085,4015
6084,4016
6083,4017
6082,4018
6081,4019
6080,4020
6079,4021
6078,4022
6077,4023
6076,4024
6075,4025
6074,4026
6073,4027
6072,4028
6071,4029
6070,4030
6069,4031
6068,4032
6067,4033
6066,4034
6065,4035
6064,4036
6063,4037
6062,4038
6061,4039
6060,4040
6059,4041
6058,4042
6057,4043
6056,4044
6055,4045
6054,4046
6053,4047
6052,4048
6051,4049
6050,4050
6049,4051
6048,4052
6047,4053
6046,4054
6045,4055
6044,4056
6043,4057
6042,4058
6041,4059
6040,4060
6039,4061
6038,4062
6037,4063
6036,4064
6035,4065
6034,4066
6033,4067
6032,4068
6031,4069
6030,4070
6029,4071
6028,4072
6027,4073
6026,4074
6025,4075
6024,4076
6023,4077
6022,4078
6021,4079
6020,4080
6019,4081
6018,4082
6017,4083
6016,4084
6015,4085
6014,4086
6013,4087
6012,4088
6011,4089
6010,4090
6009,4091
6008,4092
6007,4093
6006,4094
6005,4095
6004,4096
6003,4097
6002,4098
6001,4099
6000,4100
5999,4101
5998,4102
5997,4103
5996,4104
5995,4105
5994,4106
5993,4107
5992,4108
5991,4109
5990,4110
5989,4111
5988,4112
5987,4113
5986,4114
5985,4115
5984,4116
5983,4117
5982,4118
5981,4119
5980,4120
5979,4121
5978,4122
5977,4123
5976,4124
5975,4125
5974,4126
5973,4127
5972,4128
5971,4129
5970,4130
5969,4131
5968,4132
5967,4133
5966,4134
5965,4135
5964,4136
5963,4137
5962,4138
5961,4139
5960,4140
5959,4141
5958,4142
5957,4143
5956,4144
5955,4145
5954,4146
5953,4147
5952,4148
5951,4149
5950,4150
5949,4151
5948,4152
5947,4153
5946,4154
5945,4155
5944,4156
5943,4157
5942,4158
5941,4159
5940,4160
5939,4161
5938,4162
5937,4163
5936,4164
5935,4165
5934,4166
5933,4167
5932,4168
5931,4169
5930,4170
5929,4171
5928,4172
5927,4173
5926,4174
5925,4175
5924,4176
5923,4177
5922,4178
5921,4179
5920,4180
5919,4181
5918,4182
5917,4183
5916,4184
5915,4185
5914,4186
5913,4187
5912,4188
5911,4189
5910,4190
5909,4191
5908,4192
5907,4193
5906,4194
5905,4195
5904,4196
5903,4197
5902,4198
5901,4199
5900,4200
5899,4201
5898,4202
5897,4203
5896,4204
5895,4205
5894,4206
5893,4207
5892,4208
5891,4209
5890,4210
5889,4211
5888,4212
5887,4213
5886,4214
5885,4215
5884,4216
5883,4217
5882,4218
5881,4219
5880,4220
5879,4221
5878,4222
5877,4223
5876,4224
5875,4225
5874,4226
5873,4227
5872,4228
5871,4229
5870,4230
5869,4231
5868,4232
5867,4233
5866,4234
5865,4235
5864,4236
5863,4237
5862,4238
5861,4239
5860,4240
5859,4241
5858,4242
5857,4243
5856,4244
5855,4245
5854,4246
5853,4247
5852,4248
5851,4249
5850,4250
5849,4251
5848,4252
5847,4253
5846,4254
5845,4255
5844,4256
5843,4257
5842,4258
5841,4259
5840,4260
5839,4261
5838,4262
5837,4263
5836,4264
5835,4265
5834,4266
5833,4267
5832,4268
5831,4269
5830,4270
5829,4271
5828,4272
5827,4273
5826,4274
5825,4275
5824,4276
5823,4277
5822,4278
5821,4279
5820,4280
5819,4281
5818,4282
5817,4283
5816,4284
5815,4285
5814,4286
5813,4287
5812,4288
5811,4289
5810,4290
5809,4291
5808,4292
5807,4293
5806,4294
5805,4295
5804,4296
5803,4297
5802,4298
5801,4299
5800,4300
5799,4301
5798,4302
5797,4303
5796,4304
5795,4305
5794,4306
5793,4307
5792,4308
5791,4309
5790,4310
5789,4311
5788,4312
5787,4313
5786,4314
5785,4315
5784,4316
5783,4317
5782,4318
5781,4319
5780,4320
5779,4321
5778,4322
5777,4323
5776,4324
5775,4325
5774,4326
5773,4327
5772,4328
5771,4329
5770,4330
5769,4331
5768,4332
5767,4333
5766,4334
5765,4335
5764,4336
5763,4337
5762,4338
5761,4339
5760,4340
5759,4341
5758,4342
5757,4343
5756,4344
5755,4345
5754,4346
5753,4347
5752,4348
5751,4349
5750,4350
5749,4351
5748,4352
5747,4353
5746,4354
5745,4355
5744,4356
5743,4357
5742,4358
5741,4359
5740,4360
5739,4361
5738,4362
5737,4363
5736,4364
5735,4365
5734,4366
5733,4367
5732,4368
5731,4369
5730,4370
5729,4371
5728,4372
5727,4373
5726,4374
5725,4375
5724,4376
5723,4377
5722,4378
5721,4379
5720,4380
5719,4381
5718,4382
5717,4383
5716,4384
5715,4385
5714,4386
5713,4387
5712,4388
5711,4389
5710,4390
5709,4391
5708,4392
5707,4393
5706,4394
5705,4395
5704,4396
5703,4397
5702,4398
5701,4399
5700,4400
5699,4401
5698,4402
5697,4403
5696,4404
5695,4405
5694,4406
5693,4407
5692,4408
5691,4409
5690,4410
5689,4411
5688,4412
5687,4413
5686,4414
5685,4415
5684,4416
5683,4417
5682,4418
5681,4419
5680,4420
5679,4421
5678,4422
5677,4423
5676,4424
5675,4425
5674,4426
5673,4427
5672,4428
5671,4429
5670,4430
5669,4431
5668,4432
5667,4433
5666,4434
5665,4435
5664,4436
5663,4437
5662,4438
5661,4439
5660,4440
5659,4441
5658,4442
5657,4443
5656,4444
5655,4445
5654,4446
5653,4447
5652,4448
5651,4449
5650,4450
5649,4451
5648,4452
5647,4453
5646,4454
5645,4455
5644,4456
5643,4457
5642,4458
5641,4459
5640,4460
5639,4461
5638,4462
5637,4463
5636,4464
5635,4465
5634,4466
5633,4467
5632,4468
5631,4469
5630,4470
5629,4471
5628,4472
5627,4473
5626,4474
5625,4475
5624,4476
5623,4477
5622,4478
5621,4479
5620,4480
5619,4481
5618,4482
5617,4483
5616,4484
5615,4485
5614,4486
5613,4487
5612,4488
5611,4489
5610,4490
5609,4491
5608,4492
5607,4493
5606,4494
5605,4495
5604,4496
5603,4497
5602,4498
5601,4499
5600,4500
5599,4501
5598,4502
5597,4503
5596,4504
5595,4505
5594,4506
5593,4507
5592,4508
5591,4509
5590,4510
5589,4511
5588,4512
5587,4513
5586,4514
5585,4515
5584,4516
5583,4517
5582,4518
5581,4519
5580,4520
5579,4521
5578,4522
5577,4523
5576,4524
5575,4525
5574,4526
5573,4527
5572,4528
5571,4529
5570,4530
5569,4531
5568,4532
5567,4533
5566,4534
5565,4535
5564,4536
5563,4537
5562,4538
5561,4539
5560,4540
5559,4541
5558,4542
5557,4543
5556,4544
5555,4545
5554,4546
5553,4547
5552,4548
5551,4549
5550,4550
5549,4551
5548,4552
5547,4553
5546,4554
5545,4555
5544,4556
5543,4557
5542,4558
5541,4559
5540,4560
5539,4561
5538,4562
5537,4563
5536,4564
5535,4565
5534,4566
5533,4567
5532,4568
5531,4569
5530,4570
5529,4571
5528,4572
5527,4573
5526,4574
5525,4575
5524,4576
5523,4577
5522,4578
5521,4579
5520,4580
5519,4581
5518,4582
5517,4583
5516,4584
5515,4585
5514,4586
5513,4587
5512,4588
5511,4589
5510,4590
5509,4591
5508,4592
5507,4593
5506,4594
5505,4595
5504,4596
5503,4597
5502,4598
5501,4599
5500,4600
5499,4601
5498,4602
5497,4603
5496,4604
5495,4605
5494,4606
5493,4607
5492,4608
5491,4609
5490,4610
5489,4611
5488,4612
5487,4613
5486,4614
5485,4615
5484,4616
5483,4617
5482,4618
5481,4619
5480,4620
5479,4621
5478,4622
5477,4623
5476,4624
5475,4625
5474,4626
5473,4627
5472,4628
5471,4629
5470,4630
5469,4631
5468,4632
5467,4633
5466,4634
5465,4635
5464,4636
5463,4637
5462,4638
5461,4639
5460,4640
5459,4641
5458,4642
5457,4643
5456,4644
5455,4645
5454,4646
5453,4647
5452,4648
5451,4649
5450,4650
5449,4651
5448,4652
5447,4653
5446,4654
5445,4655
5444,4656
5443,4657
5442,4658
5441,4659
5440,4660
5439,4661
5438,4662
5437,4663
5436,4664
5435,4665
5434,4666
5433,4667
5432,4668
5431,4669
5430,4670
5429,4671
5428,4672
5427,4673
5426,4674
5425,4675
5424,4676
5423,4677
5422,4678
5421,4679
5420,4680
5419,4681
5418,4682
5417,4683
5416,4684
5415,4685
5414,4686
5413,4687
5412,4688
5411,4689
5410,4690
5409,4691
5408,4692
5407,4693
5406,4694
5405,4695
5404,4696
5403,4697
5402,4698
5401,4699
5400,4700
5399,4701
5398,4702
5397,4703
5396,4704
5395,4705
5394,4706
5393,4707
5392,4708
5391,4709
5390,4710
5389,4711
5388,4712
5387,4713
5386,4714
5385,4715
5384,4716
5383,4717
5382,4718
5381,4719
5380,4720
5379,4721
5378,4722
5377,4723
5376,4724
5375,4725
5374,4726
5373,4727
5372,4728
5371,4729
5370,4730
5369,4731
5368,4732
5367,4733
5366,4734
5365,4735
5364,4736
5363,4737
5362,4738
5361,4739
5360,4740
5359,4741
5358,4742
5357,4743
5356,4744
5355,4745
5354,4746
5353,4747
5352,4748
5351,4749
5350,4750
5349,4751
5348,4752
5347,4753
5346,4754
5345,4755
5344,4756
5343,4757
5342,4758
5341,4759
5340,4760
5339,4761
5338,4762
5337,4763
5336,4764
5335,4765
5334,4766
5333,4767
5332,4768
5331,4769
5330,4770
5329,4771
5328,4772
5327,4773
5326,4774
5325,4775
5324,4776
5323,4777
5322,4778
5321,4779
5320,4780
5319,4781
5318,4782
5317,4783
5316,4784
5315,4785
5314,4786
5313,4787
5312,4788
5311,4789
5310,4790
5309,4791
5308,4792
5307,4793
5306,4794
5305,4795
5304,4796
5303,4797
5302,4798
5301,4799
5300,4800
5299,4801
5298,4802
5297,4803
5296,4804
5295,4805
5294,4806
5293,4807
5292,4808
5291,4809
5290,4810
5289,4811
5288,4812
5287,4813
5286,4814
5285,4815
5284,4816
5283,4817
5282,4818
5281,4819
5280,4820
5279,4821
5278,4822
5277,4823
5276,4824
5275,4825
5274,4826
5273,4827
5272,4828
5271,4829
5270,4830
5269,4831
5268,4832
5267,4833
5266,4834
5265,4835
5264,4836
5263,4837
5262,4838
5261,4839
5260,4840
5259,4841
5258,4842
5257,4843
5256,4844
5255,4845
5254,4846
5253,4847
5252,4848
5251,4849
5250,4850
5249,4851
5248,4852
5247,4853
5246,4854
5245,4855
5244,4856
5243,4857
5242,4858
5241,4859
5240,4860
5239,4861
5238,4862
5237,4863
5236,4864
5235,4865
5234,4866
5233,4867
5232,4868
5231,4869
5230,4870
5229,4871
5228,4872
5227,4873
5226,4874
5225,4875
5224,4876
5223,4877
5222,4878
5221,4879
5220,4880
5219,4881
5218,4882
5217,4883
5216,4884
5215,4885
5214,4886
5213,4887
5212,4888
5211,4889
5210,4890
5209,4891
5208,4892
5207,4893
5206,4894
5205,4895
5204,4896
5203,4897
5202,4898
5201,4899
5200,4900
5199,4901
5198,4902
5197,4903
5196,4904
5195,4905
5194,4906
5193,4907
5192,4908
5191,4909
5190,4910
5189,4911
5188,4912
5187,4913
5186,4914
5185,4915
5184,4916
5183,4917
5182,4918
5181,4919
5180,4920
5179,4921
5178,4922
5177,4923
5176,4924
5175,4925
5174,4926
5173,4927
5172,4928
5171,4929
5170,4930
5169,4931
5168,4932
5167,4933
5166,4934
5165,4935
5164,4936
5163,4937
5162,4938
5161,4939
5160,4940
5159,4941
5158,4942
5157,4943
5156,4944
5155,4945
5154,4946
5153,4947
5152,4948
5151,4949
5150,4950
5149,4951
5148,4952
5147,4953
5146,4954
5145,4955
5144,4956
5143,4957
5142,4958
5141,4959
5140,4960
5139,4961
5138,4962
5137,4963
5136,4964
5135,4965
5134,4966
5133,4967
5132,4968
5131,4969
5130,4970
5129,4971
5128,4972
5127,4973
5126,4974
5125,4975
5124,4976
5123,4977
5122,4978
5121,4979
5120,4980
5119,4981
5118,4982
5117,4983
5116,4984
5115,4985
5114,4986
5113,4987
5112,4988
5111,4989
5110,4990
5109,4991
5108,4992
5107,4993
5106,4994
5105,4995
5104,4996
5103,4997
5102,4998
5101,4999
5100,5000
5099,5001
5098,5002
5097,5003
5096,5004
5095,5005
5094,5006
5093,5007
5092,5008
5091,5009
5090,5010
5089,5011
5088,5012
5087,5013
5086,5014
5085,5015
5084,5016
5083,5017
5082,5018
5081,5019
5080,5020
5079,5021
5078,5022
5077,5023
5076,5024
5075,5025
5074,5026
5073,5027
5072,5028
5071,5029
5070,5030
5069,5031
5068,5032
5067,5033
5066,5034
5065,5035
5064,5036
5063,5037
5062,5038
5061,5039
5060,5040
5059,5041
5058,5042
5057,5043
5056,5044
5055,5045
5054,5046
5053,5047
5052,5048
5051,5049
5050,5050
5049,5051
5048,5052
5047,5053
5046,5054
5045,5055
5044,5056
5043,5057
5042,5058
5041,5059
5040,5060
5039,5061
5038,5062
5037,5063
5036,5064
5035,5065
5034,5066
5033,5067
5032,5068
5031,5069
5030,5070
5029,5071
5028,5072
5027,5073
5026,5074
5025,5075
5024,5076
5023,5077
5022,5078
5021,5079
5020,5080
5019,5081
5018,5082
5017,5083
5016,5084
5015,5085
5014,5086
5013,5087
5012,5088
5011,5089
5010,5090
5009,5091
5008,5092
5007,5093
5006,5094
5005,5095
5004,5096
5003,5097
5002,5098
5001,5099
5000,5100
4999,5101
4998,5102
4997,5103
4996,5104
4995,5105
4994,5106
4993,5107
4992,5108
4991,5109
4990,5110
4989,5111
4988,5112
4987,5113
4986,5114
4985,5115
4984,5116
4983,5117
4982,5118
4981,5119
4980,5120
4979,5121
4978,5122
4977,5123
4976,5124
4975,5125
4974,5126
4973,5127
4972,5128
4971,5129
4970,5130
4969,5131
4968,5132
4967,5133
4966,5134
4965,5135
4964,5136
4963,5137
4962,5138
4961,5139
4960,5140
4959,5141
4958,5142
4957,5143
4956,5144
4955,5145
4954,5146
4953,5147
4952,5148
4951,5149
4950,5150
4949,5151
4948,5152
4947,5153
4946,5154
4945,5155
4944,5156
4943,5157
4942,5158
4941,5159
4940,5160
4939,5161
4938,5162
4937,5163
4936,5164
4935,5165
4934,5166
4933,5167
4932,5168
4931,5169
4930,5170
4929,5171
4928,5172
4927,5173
4926,5174
4925,5175
4924,5176
4923,5177
4922,5178
4921,5179
4920,5180
4919,5181
4918,5182
4917,5183
4916,5184
4915,5185
4914,5186
4913,5187
4912,5188
4911,5189
4910,5190
4909,5191
4908,5192
4907,5193
4906,5194
4905,5195
4904,5196
4903,5197
4902,5198
4901,5199
4900,5200
4899,5201
4898,5202
4897,5203
4896,5204
4895,5205
4894,5206
4893,5207
4892,5208
4891,5209
4890,5210
4889,5211
4888,5212
4887,5213
4886,5214
4885,5215
4884,5216
4883,5217
4882,5218
4881,5219
4880,5220
4879,5221
4878,5222
4877,5223
4876,5224
4875,5225
4874,5226
4873,5227
4872,5228
4871,5229
4870,5230
4869,5231
4868,5232
4867,5233
4866,5234
4865,5235
4864,5236
4863,5237
4862,5238
4861,5239
4860,5240
4859,5241
4858,5242
4857,5243
4856,5244
4855,5245
4854,5246
4853,5247
4852,5248
4851,5249
4850,5250
4849,5251
4848,5252
4847,5253
4846,5254
4845,5255
4844,5256
4843,5257
4842,5258
4841,5259
4840,5260
4839,5261
4838,5262
4837,5263
4836,5264
4835,5265
4834,5266
4833,5267
4832,5268
4831,5269
4830,5270
4829,5271
4828,5272
4827,5273
4826,5274
4825,5275
4824,5276
4823,5277
4822,5278
4821,5279
4820,5280
4819,5281
4818,5282
4817,5283
4816,5284
4815,5285
4814,5286
4813,5287
4812,5288
4811,5289
4810,5290
4809,5291
4808,5292
4807,5293
4806,5294
4805,5295
4804,5296
4803,5297
4802,5298
4801,5299
4800,5300
4799,5301
4798,5302
4797,5303
4796,5304
4795,5305
4794,5306
4793,5307
4792,5308
4791,5309
4790,5310
4789,5311
4788,5312
4787,5313
4786,5314
4785,5315
4784,5316
4783,5317
4782,5318
4781,5319
4780,5320
4779,5321
4778,5322
4777,5323
4776,5324
4775,5325
4774,5326
4773,5327
4772,5328
4771,5329
4770,5330
4769,5331
4768,5332
4767,5333
4766,5334
4765,5335
4764,5336
4763,5337
4762,5338
4761,5339
4760,5340
4759,5341
4758,5342
4757,5343
4756,5344
4755,5345
4754,5346
4753,5347
4752,5348
4751,5349
4750,5350
4749,5351
4748,5352
4747,5353
4746,5354
4745,5355
4744,5356
4743,5357
4742,5358
4741,5359
4740,5360
4739,5361
4738,5362
4737,5363
4736,5364
4735,5365
4734,5366
4733,5367
4732,5368
4731,5369
4730,5370
4729,5371
4728,5372
4727,5373
4726,5374
4725,5375
4724,5376
4723,5377
4722,5378
4721,5379
4720,5380
4719,5381
4718,5382
4717,5383
4716,5384
4715,5385
4714,5386
4713,5387
4712,5388
4711,5389
4710,5390
4709,5391
4708,5392
4707,5393
4706,5394
4705,5395
4704,5396
4703,5397
4702,5398
4701,5399
4700,5400
4699,5401
4698,5402
4697,5403
4696,5404
4695,5405
4694,5406
4693,5407
4692,5408
4691,5409
4690,5410
4689,5411
4688,5412
4687,5413
4686,5414
4685,5415
4684,5416
4683,5417
4682,5418
4681,5419
4680,5420
4679,5421
4678,5422
4677,5423
4676,5424
4675,5425
4674,5426
4673,5427
4672,5428
4671,5429
4670,5430
4669,5431
4668,5432
4667,5433
4666,5434
4665,5435
4664,5436
4663,5437
4662,5438
4661,5439
4660,5440
4659,5441
4658,5442
4657,5443
4656,5444
4655,5445
4654,5446
4653,5447
4652,5448
4651,5449
4650,5450
4649,5451
4648,5452
4647,5453
4646,5454
4645,5455
4644,5456
4643,5457
4642,5458
4641,5459
4640,5460
4639,5461
4638,5462
4637,5463
4636,5464
4635,5465
4634,5466
4633,5467
4632,5468
4631,5469
4630,5470
4629,5471
4628,5472
4627,5473
4626,5474
4625,5475
4624,5476
4623,5477
4622,5478
4621,5479
4620,5480
4619,5481
4618,5482
4617,5483
4616,5484
4615,5485
4614,5486
4613,5487
4612,5488
4611,5489
4610,5490
4609,5491
4608,5492
4607,5493
4606,5494
4605,5495
4604,5496
4603,5497
4602,5498
4601,5499
4600,5500
4599,5501
4598,5502
4597,5503
4596,5504
4595,5505
4594,5506
4593,5507
4592,5508
4591,5509
4590,5510
4589,5511
4588,5512
4587,5513
4586,5514
4585,5515
4584,5516
4583,5517
4582,5518
4581,5519
4580,5520
4579,5521
4578,5522
4577,5523
4576,5524
4575,5525
4574,5526
4573,5527
4572,5528
4571,5529
4570,5530
4569,5531
4568,5532
4567,5533
4566,5534
4565,5535
4564,5536
4563,5537
4562,5538
4561,5539
4560,5540
4559,5541
4558,5542
4557,5543
4556,5544
4555,5545
4554,5546
4553,5547
4552,5548
4551,5549
4550,5550
4549,5551
4548,5552
4547,5553
4546,5554
4545,5555
4544,5556
4543,5557
4542,5558
4541,5559
4540,5560
4539,5561
4538,5562
4537,5563
4536,5564
4535,5565
4534,5566
4533,5567
4532,5568
4531,5569
4530,5570
4529,5571
4528,5572
4527,5573
4526,5574
4525,5575
4524,5576
4523,5577
4522,5578
4521,5579
4520,5580
4519,5581
4518,5582
4517,5583
4516,5584
4515,5585
4514,5586
4513,5587
4512,5588
4511,5589
4510,5590
4509,5591
4508,5592
4507,5593
4506,5594
4505,5595
4504,5596
4503,5597
4502,5598
4501,5599
4500,5600
4499,5601
4498,5602
4497,5603
4496,5604
4495,5605
4494,5606
4493,5607
4492,5608
4491,5609
4490,5610
4489,5611
4488,5612
4487,5613
4486,5614
4485,5615
4484,5616
4483,5617
4482,5618
4481,5619
4480,5620
4479,5621
4478,5622
4477,5623
4476,5624
4475,5625
4474,5626
4473,5627
4472,5628
4471,5629
4470,5630
4469,5631
4468,5632
4467,5633
4466,5634
4465,5635
4464,5636
4463,5637
4462,5638
4461,5639
4460,5640
4459,5641
4458,5642
4457,5643
4456,5644
4455,5645
4454,5646
4453,5647
4452,5648
4451,5649
4450,5650
4449,5651
4448,5652
4447,5653
4446,5654
4445,5655
4444,5656
4443,5657
4442,5658
4441,5659
4440,5660
4439,5661
4438,5662
4437,5663
4436,5664
4435,5665
4434,5666
4433,5667
4432,5668
4431,5669
4430,5670
4429,5671
4428,5672
4427,5673
4426,5674
4425,5675
4424,5676
4423,5677
4422,5678
4421,5679
4420,5680
4419,5681
4418,5682
4417,5683
4416,5684
4415,5685
4414,5686
4413,5687
4412,5688
4411,5689
4410,5690
4409,5691
4408,5692
4407,5693
4406,5694
4405,5695
4404,5696
4403,5697
4402,5698
4401,5699
4400,5700
4399,5701
4398,5702
4397,5703
4396,5704
4395,5705
4394,5706
4393,5707
4392,5708
4391,5709
4390,5710
4389,5711
4388,5712
4387,5713
4386,5714
4385,5715
4384,5716
4383,5717
4382,5718
4381,5719
4380,5720
4379,5721
4378,5722
4377,5723
4376,5724
4375,5725
4374,5726
4373,5727
4372,5728
4371,5729
4370,5730
4369,5731
4368,5732
4367,5733
4366,5734
4365,5735
4364,5736
4363,5737
4362,5738
4361,5739
4360,5740
4359,5741
4358,5742
4357,5743
4356,5744
4355,5745
4354,5746
4353,5747
4352,5748
4351,5749
4350,5750
4349,5751
4348,5752
4347,5753
4346,5754
4345,5755
4344,5756
4343,5757
4342,5758
4341,5759
4340,5760
4339,5761
4338,5762
4337,5763
4336,5764
4335,5765
4334,5766
4333,5767
4332,5768
4331,5769
4330,5770
4329,5771
4328,5772
4327,5773
4326,5774
4325,5775
4324,5776
4323,5777
4322,5778
4321,5779
4320,5780
4319,5781
4318,5782
4317,5783
4316,5784
4315,5785
4314,5786
4313,5787
4312,5788
4311,5789
4310,5790
4309,5791
4308,5792
4307,5793
4306,5794
4305,5795
4304,5796
4303,5797
4302,5798
4301,5799
4300,5800
4299,5801
4298,5802
4297,5803
4296,5804
4295,5805
4294,5806
4293,5807
4292,5808
4291,5809
4290,5810
4289,5811
4288,5812
4287,5813
4286,5814
4285,5815
4284,5816
4283,5817
4282,5818
4281,5819
4280,5820
4279,5821
4278,5822
4277,5823
4276,5824
4275,5825
4274,5826
4273,5827
4272,5828
4271,5829
4270,5830
4269,5831
4268,5832
4267,5833
4266,5834
4265,5835
4264,5836
4263,5837
4262,5838
4261,5839
4260,5840
4259,5841
4258,5842
4257,5843
4256,5844
4255,5845
4254,5846
4253,5847
4252,5848
4251,5849
4250,5850
4249,5851
4248,5852
4247,5853
4246,5854
4245,5855
4244,5856
4243,5857
4242,5858
4241,5859
4240,5860
4239,5861
4238,5862
4237,5863
4236,5864
4235,5865
4234,5866
4233,5867
4232,5868
4231,5869
4230,5870
4229,5871
4228,5872
4227,5873
4226,5874
4225,5875
4224,5876
4223,5877
4222,5878
4221,5879
4220,5880
4219,5881
4218,5882
4217,5883
4216,5884
4215,5885
4214,5886
4213,5887
4212,5888
4211,5889
4210,5890
4209,5891
4208,5892
4207,5893
4206,5894
4205,5895
4204,5896
4203,5897
4202,5898
4201,5899
4200,5900
4199,5901
4198,5902
4197,5903
4196,5904
4195,5905
4194,5906
4193,5907
4192,5908
4191,5909
4190,5910
4189,5911
4188,5912
4187,5913
4186,5914
4185,5915
4184,5916
4183,5917
4182,5918
4181,5919
4180,5920
4179,5921
4178,5922
4177,5923
4176,5924
4175,5925
4174,5926
4173,5927
4172,5928
4171,5929
4170,5930
4169,5931
4168,5932
4167,5933
4166,5934
4165,5935
4164,5936
4163,5937
4162,5938
4161,5939
4160,5940
4159,5941
4158,5942
4157,5943
4156,5944
4155,5945
4154,5946
4153,5947
4152,5948
4151,5949
4150,5950
4149,5951
4148,5952
4147,5953
4146,5954
4145,5955
4144,5956
4143,5957
4142,5958
4141,5959
4140,5960
4139,5961
4138,5962
4137,5963
4136,5964
4135,5965
4134,5966
4133,5967
4132,5968
4131,5969
4130,5970
4129,5971
4128,5972
4127,5973
4126,5974
4125,5975
4124,5976
4123,5977
4122,5978
4121,5979
4120,5980
4119,5981
4118,5982
4117,5983
4116,5984
4115,5985
4114,5986
4113,5987
4112,5988
4111,5989
4110,5990
4109,5991
4108,5992
4107,5993
4106,5994
4105,5995
4104,5996
4103,5997
4102,5998
4101,5999
4100,6000
4099,6001
4098,6002
4097,6003
4096,6004
4095,6005
4094,6006
4093,6007
4092,6008
4091,6009
4090,6010
4089,6011
4088,6012
4087,6013
4086,6014
4085,6015
4084,6016
4083,6017
4082,6018
4081,6019
4080,6020
4079,6021
4078,6022
4077,6023
4076,6024
4075,6025
4074,6026
4073,6027
4072,6028
4071,6029
4070,6030
4069,6031
4068,6032
4067,6033
4066,6034
4065,6035
4064,6036
4063,6037
4062,6038
4061,6039
4060,6040
4059,6041
4058,6042
4057,6043
4056,6044
4055,6045
4054,6046
4053,6047
4052,6048
4051,6049
4050,6050
4049,6051
4048,6052
4047,6053
4046,6054
4045,6055
4044,6056
4043,6057
4042,6058
4041,6059
4040,6060
4039,6061
4038,6062
4037,6063
4036,6064
4035,6065
4034,6066
4033,6067
4032,6068
4031,6069
4030,6070
4029,6071
4028,6072
4027,6073
4026,6074
4025,6075
4024,6076
4023,6077
4022,6078
4021,6079
4020,6080
4019,6081
4018,6082
4017,6083
4016,6084
4015,6085
4014,6086
4013,6087
4012,6088
4011,6089
4010,6090
4009,6091
4008,6092
4007,6093
4006,6094
4005,6095
4004,6096
4003,6097
4002,6098
4001,6099
4000,6100
3999,6101
3998,6102
3997,6103
3996,6104
3995,6105
3994,6106
3993,6107
3992,6108
3991,6109
3990,6110
3989,6111
3988,6112
3987,6113
3986,6114
3985,6115
3984,6116
3983,6117
3982,6118
3981,6119
3980,6120
3979,6121
3978,6122
3977,6123
3976,6124
3975,6125
3974,6126
3973,6127
3972,6128
3971,6129
3970,6130
3969,6131
3968,6132
3967,6133
3966,6134
3965,6135
3964,6136
3963,6137
3962,6138
3961,6139
3960,6140
3959,6141
3958,6142
3957,6143
3956,6144
3955,6145
3954,6146
3953,6147
3952,6148
3951,6149
3950,6150
3949,6151
3948,6152
3947,6153
3946,6154
3945,6155
3944,6156
3943,6157
3942,6158
3941,6159
3940,6160
3939,6161
3938,6162
3937,6163
3936,6164
3935,6165
3934,6166
3933,6167
3932,6168
3931,6169
3930,6170
3929,6171
3928,6172
3927,6173
3926,6174
3925,6175
3924,6176
3923,6177
3922,6178
3921,6179
3920,6180
3919,6181
3918,6182
3917,6183
3916,6184
3915,6185
3914,6186
3913,6187
3912,6188
3911,6189
3910,6190
3909,6191
3908,6192
3907,6193
3906,6194
3905,6195
3904,6196
3903,6197
3902,6198
3901,6199
3900,6200
3899,6201
3898,6202
3897,6203
3896,6204
3895,6205
3894,6206
3893,6207
3892,6208
3891,6209
3890,6210
3889,6211
3888,6212
3887,6213
3886,6214
3885,6215
3884,6216
3883,6217
3882,6218
3881,6219
3880,6220
3879,6221
3878,6222
3877,6223
3876,6224
3875,6225
3874,6226
3873,6227
3872,6228
3871,6229
3870,6230
3869,6231
3868,6232
3867,6233
3866,6234
3865,6235
3864,6236
3863,6237
3862,6238
3861,6239
3860,6240
3859,6241
3858,6242
3857,6243
3856,6244
3855,6245
3854,6246
3853,6247
3852,6248
3851,6249
3850,6250
3849,6251
3848,6252
3847,6253
3846,6254
3845,6255
3844,6256
3843,6257
3842,6258
3841,6259
3840,6260
3839,6261
3838,6262
3837,6263
3836,6264
3835,6265
3834,6266
3833,6267
3832,6268
3831,6269
3830,6270
3829,6271
3828,6272
3827,6273
3826,6274
3825,6275
3824,6276
3823,6277
3822,6278
3821,6279
3820,6280
3819,6281
3818,6282
3817,6283
3816,6284
3815,6285
3814,6286
3813,6287
3812,6288
3811,6289
3810,6290
3809,6291
3808,6292
3807,6293
3806,6294
3805,6295
3804,6296
3803,6297
3802,6298
3801,6299
3800,6300
3799,6301
3798,6302
3797,6303
3796,6304
3795,6305
3794,6306
3793,6307
3792,6308
3791,6309
3790,6310
3789,6311
3788,6312
3787,6313
3786,6314
3785,6315
3784,6316
3783,6317
3782,6318
3781,6319
3780,6320
3779,6321
3778,6322
3777,6323
3776,6324
3775,6325
3774,6326
3773,6327
3772,6328
3771,6329
3770,6330
3769,6331
3768,6332
3767,6333
3766,6334
3765,6335
3764,6336
3763,6337
3762,6338
3761,6339
3760,6340
3759,6341
3758,6342
3757,6343
3756,6344
3755,6345
3754,6346
3753,6347
3752,6348
3751,6349
3750,6350
3749,6351
3748,6352
3747,6353
3746,6354
3745,6355
3744,6356
3743,6357
3742,6358
3741,6359
3740,6360
3739,6361
3738,6362
3737,6363
3736,6364
3735,6365
3734,6366
3733,6367
3732,6368
3731,6369
3730,6370
3729,6371
3728,6372
3727,6373
3726,6374
3725,6375
3724,6376
3723,6377
3722,6378
3721,6379
3720,6380
3719,6381
3718,6382
3717,6383
3716,6384
3715,6385
3714,6386
3713,6387
3712,6388
3711,6389
3710,6390
3709,6391
3708,6392
3707,6393
3706,6394
3705,6395
3704,6396
3703,6397
3702,6398
3701,6399
3700,6400
3699,6401
3698,6402
3697,6403
3696,6404
3695,6405
3694,6406
3693,6407
3692,6408
3691,6409
3690,6410
3689,6411
3688,6412
3687,6413
3686,6414
3685,6415
3684,6416
3683,6417
3682,6418
3681,6419
3680,6420
3679,6421
3678,6422
3677,6423
3676,6424
3675,6425
3674,6426
3673,6427
3672,6428
3671,6429
3670,6430
3669,6431
3668,6432
3667,6433
3666,6434
3665,6435
3664,6436
3663,6437
3662,6438
3661,6439
3660,6440
3659,6441
3658,6442
3657,6443
3656,6444
3655,6445
3654,6446
3653,6447
3652,6448
3651,6449
3650,6450
3649,6451
3648,6452
3647,6453
3646,6454
3645,6455
3644,6456
3643,6457
3642,6458
3641,6459
3640,6460
3639,6461
3638,6462
3637,6463
3636,6464
3635,6465
3634,6466
3633,6467
3632,6468
3631,6469
3630,6470
3629,6471
3628,6472
3627,6473
3626,6474
3625,6475
3624,6476
3623,6477
3622,6478
3621,6479
3620,6480
3619,6481
3618,6482
3617,6483
3616,6484
3615,6485
3614,6486
3613,6487
3612,6488
3611,6489
3610,6490
3609,6491
3608,6492
3607,6493
3606,6494
3605,6495
3604,6496
3603,6497
3602,6498
3601,6499
3600,6500
3599,6501
3598,6502
3597,6503
3596,6504
3595,6505
3594,6506
3593,6507
3592,6508
3591,6509
3590,6510
3589,6511
3588,6512
3587,6513
3586,6514
3585,6515
3584,6516
3583,6517
3582,6518
3581,6519
3580,6520
3579,6521
3578,6522
3577,6523
3576,6524
3575,6525
3574,6526
3573,6527
3572,6528
3571,6529
3570,6530
3569,6531
3568,6532
3567,6533
3566,6534
3565,6535
3564,6536
3563,6537
3562,6538
3561,6539
3560,6540
3559,6541
3558,6542
3557,6543
3556,6544
3555,6545
3554,6546
3553,6547
3552,6548
3551,6549
3550,6550
3549,6551
3548,6552
3547,6553
3546,6554
3545,6555
3544,6556
3543,6557
3542,6558
3541,6559
3540,6560
3539,6561
3538,6562
3537,6563
3536,6564
3535,6565
3534,6566
3533,6567
3532,6568
3531,6569
3530,6570
3529,6571
3528,6572
3527,6573
3526,6574
3525,6575
3524,6576
3523,6577
3522,6578
3521,6579
3520,6580
3519,6581
3518,6582
3517,6583
3516,6584
3515,6585
3514,6586
3513,6587
3512,6588
3511,6589
3510,6590
3509,6591
3508,6592
3507,6593
3506,6594
3505,6595
3504,6596
3503,6597
3502,6598
3501,6599
3500,6600
3499,6601
3498,6602
3497,6603
3496,6604
3495,6605
3494,6606
3493,6607
3492,6608
3491,6609
3490,6610
3489,6611
3488,6612
3487,6613
3486,6614
3485,6615
3484,6616
3483,6617
3482,6618
3481,6619
3480,6620
3479,6621
3478,6622
3477,6623
3476,6624
3475,6625
3474,6626
3473,6627
3472,6628
3471,6629
3470,6630
3469,6631
3468,6632
3467,6633
3466,6634
3465,6635
3464,6636
3463,6637
3462,6638
3461,6639
3460,6640
3459,6641
3458,6642
3457,6643
3456,6644
3455,6645
3454,6646
3453,6647
3452,6648
3451,6649
3450,6650
3449,6651
3448,6652
3447,6653
3446,6654
3445,6655
3444,6656
3443,6657
3442,6658
3441,6659
3440,6660
3439,6661
3438,6662
3437,6663
3436,6664
3435,6665
3434,6666
3433,6667
3432,6668
3431,6669
3430,6670
3429,6671
3428,6672
3427,6673
3426,6674
3425,6675
3424,6676
3423,6677
3422,6678
3421,6679
3420,6680
3419,6681
3418,6682
3417,6683
3416,6684
3415,6685
3414,6686
3413,6687
3412,6688
3411,6689
3410,6690
3409,6691
3408,6692
3407,6693
3406,6694
3405,6695
3404,6696
3403,6697
3402,6698
3401,6699
3400,6700
3399,6701
3398,6702
3397,6703
3396,6704
3395,6705
3394,6706
3393,6707
3392,6708
3391,6709
3390,6710
3389,6711
3388,6712
3387,6713
3386,6714
3385,6715
3384,6716
3383,6717
3382,6718
3381,6719
3380,6720
3379,6721
3378,6722
3377,6723
3376,6724
3375,6725
3374,6726
3373,6727
3372,6728
3371,6729
3370,6730
3369,6731
3368,6732
3367,6733
3366,6734
3365,6735
3364,6736
3363,6737
3362,6738
3361,6739
3360,6740
3359,6741
3358,6742
3357,6743
3356,6744
3355,6745
3354,6746
3353,6747
3352,6748
3351,6749
3350,6750
3349,6751
3348,6752
3347,6753
3346,6754
3345,6755
3344,6756
3343,6757
3342,6758
3341,6759
3340,6760
3339,6761
3338,6762
3337,6763
3336,6764
3335,6765
3334,6766
3333,6767
3332,6768
3331,6769
3330,6770
3329,6771
3328,6772
3327,6773
3326,6774
3325,6775
3324,6776
3323,6777
3322,6778
3321,6779
3320,6780
3319,6781
3318,6782
3317,6783
3316,6784
3315,6785
3314,6786
3313,6787
3312,6788
3311,6789
3310,6790
3309,6791
3308,6792
3307,6793
3306,6794
3305,6795
3304,6796
3303,6797
3302,6798
3301,6799
3300,6800
3299,6801
3298,6802
3297,6803
3296,6804
3295,6805
3294,6806
3293,6807
3292,6808
3291,6809
3290,6810
3289,6811
3288,6812
3287,6813
3286,6814
3285,6815
3284,6816
3283,6817
3282,6818
3281,6819
3280,6820
3279,6821
3278,6822
3277,6823
3276,6824
3275,6825
3274,6826
3273,6827
3272,6828
3271,6829
3270,6830
3269,6831
3268,6832
3267,6833
3266,6834
3265,6835
3264,6836
3263,6837
3262,6838
3261,6839
3260,6840
3259,6841
3258,6842
3257,6843
3256,6844
3255,6845
3254,6846
3253,6847
3252,6848
3251,6849
3250,6850
3249,6851
3248,6852
3247,6853
3246,6854
3245,6855
3244,6856
3243,6857
3242,6858
3241,6859
3240,6860
3239,6861
3238,6862
3237,6863
3236,6864
3235,6865
3234,6866
3233,6867
3232,6868
3231,6869
3230,6870
3229,6871
3228,6872
3227,6873
3226,6874
3225,6875
3224,6876
3223,6877
3222,6878
3221,6879
3220,6880
3219,6881
3218,6882
3217,6883
3216,6884
3215,6885
3214,6886
3213,6887
3212,6888
3211,6889
3210,6890
3209,6891
3208,6892
3207,6893
3206,6894
3205,6895
3204,6896
3203,6897
3202,6898
3201,6899
3200,6900
3199,6901
3198,6902
3197,6903
3196,6904
3195,6905
3194,6906
3193,6907
3192,6908
3191,6909
3190,6910
3189,6911
3188,6912
3187,6913
3186,6914
3185,6915
3184,6916
3183,6917
3182,6918
3181,6919
3180,6920
3179,6921
3178,6922
3177,6923
3176,6924
3175,6925
3174,6926
3173,6927
3172,6928
3171,6929
3170,6930
3169,6931
3168,6932
3167,6933
3166,6934
3165,6935
3164,6936
3163,6937
3162,6938
3161,6939
3160,6940
3159,6941
3158,6942
3157,6943
3156,6944
3155,6945
3154,6946
3153,6947
3152,6948
3151,6949
3150,6950
3149,6951
3148,6952
3147,6953
3146,6954
3145,6955
3144,6956
3143,6957
3142,6958
3141,6959
3140,6960
3139,6961
3138,6962
3137,6963
3136,6964
3135,6965
3134,6966
3133,6967
3132,6968
3131,6969
3130,6970
3129,6971
3128,6972
3127,6973
3126,6974
3125,6975
3124,6976
3123,6977
3122,6978
3121,6979
3120,6980
3119,6981
3118,6982
3117,6983
3116,6984
3115,6985
3114,6986
3113,6987
3112,6988
3111,6989
3110,6990
3109,6991
3108,6992
3107,6993
3106,6994
3105,6995
3104,6996
3103,6997
3102,6998
3101,6999
3100,7000
3099,7001
3098,7002
3097,7003
3096,7004
3095,7005
3094,7006
3093,7007
3092,7008
3091,7009
3090,7010
3089,7011
3088,7012
3087,7013
3086,7014
3085,7015
3084,7016
3083,7017
3082,7018
3081,7019
3080,7020
3079,7021
3078,7022
3077,7023
3076,7024
3075,7025
3074,7026
3073,7027
3072,7028
3071,7029
3070,7030
3069,7031
3068,7032
3067,7033
3066,7034
3065,7035
3064,7036
3063,7037
3062,7038
3061,7039
3060,7040
3059,7041
3058,7042
3057,7043
3056,7044
3055,7045
3054,7046
3053,7047
3052,7048
3051,7049
3050,7050
3049,7051
3048,7052
3047,7053
3046,7054
3045,7055
3044,7056
3043,7057
3042,7058
3041,7059
3040,7060
3039,7061
3038,7062
3037,7063
3036,7064
3035,7065
3034,7066
3033,7067
3032,7068
3031,7069
3030,7070
3029,7071
3028,7072
3027,7073
3026,7074
3025,7075
3024,7076
3023,7077
3022,7078
3021,7079
3020,7080
3019,7081
3018,7082
3017,7083
3016,7084
3015,7085
3014,7086
3013,7087
3012,7088
3011,7089
3010,7090
3009,7091
3008,7092
3007,7093
3006,7094
3005,7095
3004,7096
3003,7097
3002,7098
3001,7099
3000,7100
2999,7101
2998,7102
2997,7103
2996,7104
2995,7105
2994,7106
2993,7107
2992,7108
2991,7109
2990,7110
2989,7111
2988,7112
2987,7113
2986,7114
2985,7115
2984,7116
2983,7117
2982,7118
2981,7119
2980,7120
2979,7121
2978,7122
2977,7123
2976,7124
2975,7125
2974,7126
2973,7127
2972,7128
2971,7129
2970,7130
2969,7131
2968,7132
2967,7133
2966,7134
2965,7135
2964,7136
2963,7137
2962,7138
2961,7139
2960,7140
2959,7141
2958,7142
2957,7143
2956,7144
2955,7145
2954,7146
2953,7147
2952,7148
2951,7149
2950,7150
2949,7151
2948,7152
2947,7153
2946,7154
2945,7155
2944,7156
2943,7157
2942,7158
2941,7159
2940,7160
2939,7161
2938,7162
2937,7163
2936,7164
2935,7165
2934,7166
2933,7167
2932,7168
2931,7169
2930,7170
2929,7171
2928,7172
2927,7173
2926,7174
2925,7175
2924,7176
2923,7177
2922,7178
2921,7179
2920,7180
2919,7181
2918,7182
2917,7183
2916,7184
2915,7185
2914,7186
2913,7187
2912,7188
2911,7189
2910,7190
2909,7191
2908,7192
2907,7193
2906,7194
2905,7195
2904,7196
2903,7197
2902,7198
2901,7199
2900,7200
2899,7201
2898,7202
2897,7203
2896,7204
2895,7205
2894,7206
2893,7207
2892,7208
2891,7209
2890,7210
2889,7211
2888,7212
2887,7213
2886,7214
2885,7215
2884,7216
2883,7217
2882,7218
2881,7219
2880,7220
2879,7221
2878,7222
2877,7223
2876,7224
2875,7225
2874,7226
2873,7227
2872,7228
2871,7229
2870,7230
2869,7231
2868,7232
2867,7233
2866,7234
2865,7235
2864,7236
2863,7237
2862,7238
2861,7239
2860,7240
2859,7241
2858,7242
2857,7243
2856,7244
2855,7245
2854,7246
2853,7247
2852,7248
2851,7249
2850,7250
2849,7251
2848,7252
2847,7253
2846,7254
2845,7255
2844,7256
2843,7257
2842,7258
2841,7259
2840,7260
2839,7261
2838,7262
2837,7263
2836,7264
2835,7265
2834,7266
2833,7267
2832,7268
2831,7269
2830,7270
2829,7271
2828,7272
2827,7273
2826,7274
2825,7275
2824,7276
2823,7277
2822,7278
2821,7279
2820,7280
2819,7281
2818,7282
2817,7283
2816,7284
2815,7285
2814,7286
2813,7287
2812,7288
2811,7289
2810,7290
2809,7291
2808,7292
2807,7293
2806,7294
2805,7295
2804,7296
2803,7297
2802,7298
2801,7299
2800,7300
2799,7301
2798,7302
2797,7303
2796,7304
2795,7305
2794,7306
2793,7307
2792,7308
2791,7309
2790,7310
2789,7311
2788,7312
2787,7313
2786,7314
2785,7315
2784,7316
2783,7317
2782,7318
2781,7319
2780,7320
2779,7321
2778,7322
2777,7323
2776,7324
2775,7325
2774,7326
2773,7327
2772,7328
2771,7329
2770,7330
2769,7331
2768,7332
2767,7333
2766,7334
2765,7335
2764,7336
2763,7337
2762,7338
2761,7339
2760,7340
2759,7341
2758,7342
2757,7343
2756,7344
2755,7345
2754,7346
2753,7347
2752,7348
2751,7349
2750,7350
2749,7351
2748,7352
2747,7353
2746,7354
2745,7355
2744,7356
2743,7357
2742,7358
2741,7359
2740,7360
2739,7361
2738,7362
2737,7363
2736,7364
2735,7365
2734,7366
2733,7367
2732,7368
2731,7369
2730,7370
2729,7371
2728,7372
2727,7373
2726,7374
2725,7375
2724,7376
2723,7377
2722,7378
2721,7379
2720,7380
2719,7381
2718,7382
2717,7383
2716,7384
2715,7385
2714,7386
2713,7387
2712,7388
2711,7389
2710,7390
2709,7391
2708,7392
2707,7393
2706,7394
2705,7395
2704,7396
2703,7397
2702,7398
2701,7399
2700,7400
2699,7401
2698,7402
2697,7403
2696,7404
2695,7405
2694,7406
2693,7407
2692,7408
2691,7409
2690,7410
2689,7411
2688,7412
2687,7413
2686,7414
2685,7415
2684,7416
2683,7417
2682,7418
2681,7419
2680,7420
2679,7421
2678,7422
2677,7423
2676,7424
2675,7425
2674,7426
2673,7427
2672,7428
2671,7429
2670,7430
2669,7431
2668,7432
2667,7433
2666,7434
2665,7435
2664,7436
2663,7437
2662,7438
2661,7439
2660,7440
2659,7441
2658,7442
2657,7443
2656,7444
2655,7445
2654,7446
2653,7447
2652,7448
2651,7449
2650,7450
2649,7451
2648,7452
2647,7453
2646,7454
2645,7455
2644,7456
2643,7457
2642,7458
2641,7459
2640,7460
2639,7461
2638,7462
2637,7463
2636,7464
2635,7465
2634,7466
2633,7467
2632,7468
2631,7469
2630,7470
2629,7471
2628,7472
2627,7473
2626,7474
2625,7475
2624,7476
2623,7477
2622,7478
2621,7479
2620,7480
2619,7481
2618,7482
2617,7483
2616,7484
2615,7485
2614,7486
2613,7487
2612,7488
2611,7489
2610,7490
2609,7491
2608,7492
2607,7493
2606,7494
2605,7495
2604,7496
2603,7497
2602,7498
2601,7499
2600,7500
2599,7501
2598,7502
2597,7503
2596,7504
2595,7505
2594,7506
2593,7507
2592,7508
2591,7509
2590,7510
2589,7511
2588,7512
2587,7513
2586,7514
2585,7515
2584,7516
2583,7517
2582,7518
2581,7519
2580,7520
2579,7521
2578,7522
2577,7523
2576,7524
2575,7525
2574,7526
2573,7527
2572,7528
2571,7529
2570,7530
2569,7531
2568,7532
2567,7533
2566,7534
2565,7535
2564,7536
2563,7537
2562,7538
2561,7539
2560,7540
2559,7541
2558,7542
2557,7543
2556,7544
2555,7545
2554,7546
2553,7547
2552,7548
2551,7549
2550,7550
2549,7551
2548,7552
2547,7553
2546,7554
2545,7555
2544,7556
2543,7557
2542,7558
2541,7559
2540,7560
2539,7561
2538,7562
2537,7563
2536,7564
2535,7565
2534,7566
2533,7567
2532,7568
2531,7569
2530,7570
2529,7571
2528,7572
2527,7573
2526,7574
2525,7575
2524,7576
2523,7577
2522,7578
2521,7579
2520,7580
2519,7581
2518,7582
2517,7583
2516,7584
2515,7585
2514,7586
2513,7587
2512,7588
2511,7589
2510,7590
2509,7591
2508,7592
2507,7593
2506,7594
2505,7595
2504,7596
2503,7597
2502,7598
2501,7599
2500,7600
2499,7601
2498,7602
2497,7603
2496,7604
2495,7605
2494,7606
2493,7607
2492,7608
2491,7609
2490,7610
2489,7611
2488,7612
2487,7613
2486,7614
2485,7615
2484,7616
2483,7617
2482,7618
2481,7619
2480,7620
2479,7621
2478,7622
2477,7623
2476,7624
2475,7625
2474,7626
2473,7627
2472,7628
2471,7629
2470,7630
2469,7631
2468,7632
2467,7633
2466,7634
2465,7635
2464,7636
2463,7637
2462,7638
2461,7639
2460,7640
2459,7641
2458,7642
2457,7643
2456,7644
2455,7645
2454,7646
2453,7647
2452,7648
2451,7649
2450,7650
2449,7651
2448,7652
2447,7653
2446,7654
2445,7655
2444,7656
2443,7657
2442,7658
2441,7659
2440,7660
2439,7661
2438,7662
2437,7663
2436,7664
2435,7665
2434,7666
2433,7667
2432,7668
2431,7669
2430,7670
2429,7671
2428,7672
2427,7673
2426,7674
2425,7675
2424,7676
2423,7677
2422,7678
2421,7679
2420,7680
2419,7681
2418,7682
2417,7683
2416,7684
2415,7685
2414,7686
2413,7687
2412,7688
2411,7689
2410,7690
2409,7691
2408,7692
2407,7693
2406,7694
2405,7695
2404,7696
2403,7697
2402,7698
2401,7699
2400,7700
2399,7701
2398,7702
2397,7703
2396,7704
2395,7705
2394,7706
2393,7707
2392,7708
2391,7709
2390,7710
2389,7711
2388,7712
2387,7713
2386,7714
2385,7715
2384,7716
2383,7717
2382,7718
2381,7719
2380,7720
2379,7721
2378,7722
2377,7723
2376,7724
2375,7725
2374,7726
2373,7727
2372,7728
2371,7729
2370,7730
2369,7731
2368,7732
2367,7733
2366,7734
2365,7735
2364,7736
2363,7737
2362,7738
2361,7739
2360,7740
2359,7741
2358,7742
2357,7743
2356,7744
2355,7745
2354,7746
2353,7747
2352,7748
2351,7749
2350,7750
2349,7751
2348,7752
2347,7753
2346,7754
2345,7755
2344,7756
2343,7757
2342,7758
2341,7759
2340,7760
2339,7761
2338,7762
2337,7763
2336,7764
2335,7765
2334,7766
2333,7767
2332,7768
2331,7769
2330,7770
2329,7771
2328,7772
2327,7773
2326,7774
2325,7775
2324,7776
2323,7777
2322,7778
2321,7779
2320,7780
2319,7781
2318,7782
2317,7783
2316,7784
2315,7785
2314,7786
2313,7787
2312,7788
2311,7789
2310,7790
2309,7791
2308,7792
2307,7793
2306,7794
2305,7795
2304,7796
2303,7797
2302,7798
2301,7799
2300,7800
2299,7801
2298,7802
2297,7803
2296,7804
2295,7805
2294,7806
2293,7807
2292,7808
2291,7809
2290,7810
2289,7811
2288,7812
2287,7813
2286,7814
2285,7815
2284,7816
2283,7817
2282,7818
2281,7819
2280,7820
2279,7821
2278,7822
2277,7823
2276,7824
2275,7825
2274,7826
2273,7827
2272,7828
2271,7829
2270,7830
2269,7831
2268,7832
2267,7833
2266,7834
2265,7835
2264,7836
2263,7837
2262,7838
2261,7839
2260,7840
2259,7841
2258,7842
2257,7843
2256,7844
2255,7845
2254,7846
2253,7847
2252,7848
2251,7849
2250,7850
2249,7851
2248,7852
2247,7853
2246,7854
2245,7855
2244,7856
2243,7857
2242,7858
2241,7859
2240,7860
2239,7861
2238,7862
2237,7863
2236,7864
2235,7865
2234,7866
2233,7867
2232,7868
2231,7869
2230,7870
2229,7871
2228,7872
2227,7873
2226,7874
2225,7875
2224,7876
2223,7877
2222,7878
2221,7879
2220,7880
2219,7881
2218,7882
2217,7883
2216,7884
2215,7885
2214,7886
2213,7887
2212,7888
2211,7889
2210,7890
2209,7891
2208,7892
2207,7893
2206,7894
2205,7895
2204,7896
2203,7897
2202,7898
2201,7899
2200,7900
2199,7901
2198,7902
2197,7903
2196,7904
2195,7905
2194,7906
2193,7907
2192,7908
2191,7909
2190,7910
2189,7911
2188,7912
2187,7913
2186,7914
2185,7915
2184,7916
2183,7917
2182,7918
2181,7919
2180,7920
2179,7921
2178,7922
2177,7923
2176,7924
2175,7925
2174,7926
2173,7927
2172,7928
2171,7929
2170,7930
2169,7931
2168,7932
2167,7933
2166,7934
2165,7935
2164,7936
2163,7937
2162,7938
2161,7939
2160,7940
2159,7941
2158,7942
2157,7943
2156,7944
2155,7945
2154,7946
2153,7947
2152,7948
2151,7949
2150,7950
2149,7951
2148,7952
2147,7953
2146,7954
2145,7955
2144,7956
2143,7957
2142,7958
2141,7959
2140,7960
2139,7961
2138,7962
2137,7963
2136,7964
2135,7965
2134,7966
2133,7967
2132,7968
2131,7969
2130,7970
2129,7971
2128,7972
2127,7973
2126,7974
2125,7975
2124,7976
2123,7977
2122,7978
2121,7979
2120,7980
2119,7981
2118,7982
2117,7983
2116,7984
2115,7985
2114,7986
2113,7987
2112,7988
2111,7989
2110,7990
2109,7991
2108,7992
2107,7993
2106,7994
2105,7995
2104,7996
2103,7997
2102,7998
2101,7999
2100,8000
2099,8001
2098,8002
2097,8003
2096,8004
2095,8005
2094,8006
2093,8007
2092,8008
2091,8009
2090,8010
2089,8011
2088,8012
2087,8013
2086,8014
2085,8015
2084,8016
2083,8017
2082,8018
2081,8019
2080,8020
2079,8021
2078,8022
2077,8023
2076,8024
2075,8025
2074,8026
2073,8027
2072,8028
2071,8029
2070,8030
2069,8031
2068,8032
2067,8033
2066,8034
2065,8035
2064,8036
2063,8037
2062,8038
2061,8039
2060,8040
2059,8041
2058,8042
2057,8043
2056,8044
2055,8045
2054,8046
2053,8047
2052,8048
2051,8049
2050,8050
2049,8051
2048,8052
2047,8053
2046,8054
2045,8055
2044,8056
2043,8057
2042,8058
2041,8059
2040,8060
2039,8061
2038,8062
2037,8063
2036,8064
2035,8065
2034,8066
2033,8067
2032,8068
2031,8069
2030,8070
2029,8071
2028,8072
2027,8073
2026,8074
2025,8075
2024,8076
2023,8077
2022,8078
2021,8079
2020,8080
2019,8081
2018,8082
2017,8083
2016,8084
2015,8085
2014,8086
2013,8087
2012,8088
2011,8089
2010,8090
2009,8091
2008,8092
2007,8093
2006,8094
2005,8095
2004,8096
2003,8097
2002,8098
2001,8099
2000,8100
1999,8101
1998,8102
1997,8103
1996,8104
1995,8105
1994,8106
1993,8107
1992,8108
1991,8109
1990,8110
1989,8111
1988,8112
1987,8113
1986,8114
1985,8115
1984,8116
1983,8117
1982,8118
1981,8119
1980,8120
1979,8121
1978,8122
1977,8123
1976,8124
1975,8125
1974,8126
1973,8127
1972,8128
1971,8129
1970,8130
1969,8131
1968,8132
1967,8133
1966,8134
1965,8135
1964,8136
1963,8137
1962,8138
1961,8139
1960,8140
1959,8141
1958,8142
1957,8143
1956,8144
1955,8145
1954,8146
1953,8147
1952,8148
1951,8149
1950,8150
1949,8151
1948,8152
1947,8153
1946,8154
1945,8155
1944,8156
1943,8157
1942,8158
1941,8159
1940,8160
1939,8161
1938,8162
1937,8163
1936,8164
1935,8165
1934,8166
1933,8167
1932,8168
1931,8169
1930,8170
1929,8171
1928,8172
1927,8173
1926,8174
1925,8175
1924,8176
1923,8177
1922,8178
1921,8179
1920,8180
1919,8181
1918,8182
1917,8183
1916,8184
1915,8185
1914,8186
1913,8187
1912,8188
1911,8189
1910,8190
1909,8191
1908,8192
1907,8193
1906,8194
1905,8195
1904,8196
1903,8197
1902,8198
1901,8199
1900,8200
1899,8201
1898,8202
1897,8203
1896,8204
1895,8205
1894,8206
1893,8207
1892,8208
1891,8209
1890,8210
1889,8211
1888,8212
1887,8213
1886,8214
1885,8215
1884,8216
1883,8217
1882,8218
1881,8219
1880,8220
1879,8221
1878,8222
1877,8223
1876,8224
1875,8225
1874,8226
1873,8227
1872,8228
1871,8229
1870,8230
1869,8231
1868,8232
1867,8233
1866,8234
1865,8235
1864,8236
1863,8237
1862,8238
1861,8239
1860,8240
1859,8241
1858,8242
1857,8243
1856,8244
1855,8245
1854,8246
1853,8247
1852,8248
1851,8249
1850,8250
1849,8251
1848,8252
1847,8253
1846,8254
1845,8255
1844,8256
1843,8257
1842,8258
1841,8259
1840,8260
1839,8261
1838,8262
1837,8263
1836,8264
1835,8265
1834,8266
1833,8267
1832,8268
1831,8269
1830,8270
1829,8271
1828,8272
1827,8273
1826,8274
1825,8275
1824,8276
1823,8277
1822,8278
1821,8279
1820,8280
1819,8281
1818,8282
1817,8283
1816,8284
1815,8285
1814,8286
1813,8287
1812,8288
1811,8289
1810,8290
1809,8291
1808,8292
1807,8293
1806,8294
1805,8295
1804,8296
1803,8297
1802,8298
1801,8299
1800,8300
1799,8301
1798,8302
1797,8303
1796,8304
1795,8305
1794,8306
1793,8307
1792,8308
1791,8309
1790,8310
1789,8311
1788,8312
1787,8313
1786,8314
1785,8315
1784,8316
1783,8317
1782,8318
1781,8319
1780,8320
1779,8321
1778,8322
1777,8323
1776,8324
1775,8325
1774,8326
1773,8327
1772,8328
1771,8329
1770,8330
1769,8331
1768,8332
1767,8333
1766,8334
1765,8335
1764,8336
1763,8337
1762,8338
1761,8339
1760,8340
1759,8341
1758,8342
1757,8343
1756,8344
1755,8345
1754,8346
1753,8347
1752,8348
1751,8349
1750,8350
1749,8351
1748,8352
1747,8353
1746,8354
1745,8355
1744,8356
1743,8357
1742,8358
1741,8359
1740,8360
1739,8361
1738,8362
1737,8363
1736,8364
1735,8365
1734,8366
1733,8367
1732,8368
1731,8369
1730,8370
1729,8371
1728,8372
1727,8373
1726,8374
1725,8375
1724,8376
1723,8377
1722,8378
1721,8379
1720,8380
1719,8381
1718,8382
1717,8383
1716,8384
1715,8385
1714,8386
1713,8387
1712,8388
1711,8389
1710,8390
1709,8391
1708,8392
1707,8393
1706,8394
1705,8395
1704,8396
1703,8397
1702,8398
1701,8399
1700,8400
1699,8401
1698,8402
1697,8403
1696,8404
1695,8405
1694,8406
1693,8407
1692,8408
1691,8409
1690,8410
1689,8411
1688,8412
1687,8413
1686,8414
1685,8415
1684,8416
1683,8417
1682,8418
1681,8419
1680,8420
1679,8421
1678,8422
1677,8423
1676,8424
1675,8425
1674,8426
1673,8427
1672,8428
1671,8429
1670,8430
1669,8431
1668,8432
1667,8433
1666,8434
1665,8435
1664,8436
1663,8437
1662,8438
1661,8439
1660,8440
1659,8441
1658,8442
1657,8443
1656,8444
1655,8445
1654,8446
1653,8447
1652,8448
1651,8449
1650,8450
1649,8451
1648,8452
1647,8453
1646,8454
1645,8455
1644,8456
1643,8457
1642,8458
1641,8459
1640,8460
1639,8461
1638,8462
1637,8463
1636,8464
1635,8465
1634,8466
1633,8467
1632,8468
1631,8469
1630,8470
1629,8471
1628,8472
1627,8473
1626,8474
1625,8475
1624,8476
1623,8477
1622,8478
1621,8479
1620,8480
1619,8481
1618,8482
1617,8483
1616,8484
1615,8485
1614,8486
1613,8487
1612,8488
1611,8489
1610,8490
1609,8491
1608,8492
1607,8493
1606,8494
1605,8495
1604,8496
1603,8497
1602,8498
1601,8499
1600,8500
1599,8501
1598,8502
1597,8503
1596,8504
1595,8505
1594,8506
1593,8507
1592,8508
1591,8509
1590,8510
1589,8511
1588,8512
1587,8513
1586,8514
1585,8515
1584,8516
1583,8517
1582,8518
1581,8519
1580,8520
1579,8521
1578,8522
1577,8523
1576,8524
1575,8525
1574,8526
1573,8527
1572,8528
1571,8529
1570,8530
1569,8531
1568,8532
1567,8533
1566,8534
1565,8535
1564,8536
1563,8537
1562,8538
1561,8539
1560,8540
1559,8541
1558,8542
1557,8543
1556,8544
1555,8545
1554,8546
1553,8547
1552,8548
1551,8549
1550,8550
1549,8551
1548,8552
1547,8553
1546,8554
1545,8555
1544,8556
1543,8557
1542,8558
1541,8559
1540,8560
1539,8561
1538,8562
1537,8563
1536,8564
1535,8565
1534,8566
1533,8567
1532,8568
1531,8569
1530,8570
1529,8571
1528,8572
1527,8573
1526,8574
1525,8575
1524,8576
1523,8577
1522,8578
1521,8579
1520,8580
1519,8581
1518,8582
1517,8583
1516,8584
1515,8585
1514,8586
1513,8587
1512,8588
1511,8589
1510,8590
1509,8591
1508,8592
1507,8593
1506,8594
1505,8595
1504,8596
1503,8597
1502,8598
1501,8599
1500,8600
1499,8601
1498,8602
1497,8603
1496,8604
1495,8605
1494,8606
1493,8607
1492,8608
1491,8609
1490,8610
1489,8611
1488,8612
1487,8613
1486,8614
1485,8615
1484,8616
1483,8617
1482,8618
1481,8619
1480,8620
1479,8621
1478,8622
1477,8623
1476,8624
1475,8625
1474,8626
1473,8627
1472,8628
1471,8629
1470,8630
1469,8631
1468,8632
1467,8633
1466,8634
1465,8635
1464,8636
1463,8637
1462,8638
1461,8639
1460,8640
1459,8641
1458,8642
1457,8643
1456,8644
1455,8645
1454,8646
1453,8647
1452,8648
1451,8649
1450,8650
1449,8651
1448,8652
1447,8653
1446,8654
1445,8655
1444,8656
1443,8657
1442,8658
1441,8659
1440,8660
1439,8661
1438,8662
1437,8663
1436,8664
1435,8665
1434,8666
1433,8667
1432,8668
1431,8669
1430,8670
1429,8671
1428,8672
1427,8673
1426,8674
1425,8675
1424,8676
1423,8677
1422,8678
1421,8679
1420,8680
1419,8681
1418,8682
1417,8683
1416,8684
1415,8685
1414,8686
1413,8687
1412,8688
1411,8689
1410,8690
1409,8691
1408,8692
1407,8693
1406,8694
1405,8695
1404,8696
1403,8697
1402,8698
1401,8699
1400,8700
1399,8701
1398,8702
1397,8703
1396,8704
1395,8705
1394,8706
1393,8707
1392,8708
1391,8709
1390,8710
1389,8711
1388,8712
1387,8713
1386,8714
1385,8715
1384,8716
1383,8717
1382,8718
1381,8719
1380,8720
1379,8721
1378,8722
1377,8723
1376,8724
1375,8725
1374,8726
1373,8727
1372,8728
1371,8729
1370,8730
1369,8731
1368,8732
1367,8733
1366,8734
1365,8735
1364,8736
1363,8737
1362,8738
1361,8739
1360,8740
1359,8741
1358,8742
1357,8743
1356,8744
1355,8745
1354,8746
1353,8747
1352,8748
1351,8749
1350,8750
1349,8751
1348,8752
1347,8753
1346,8754
1345,8755
1344,8756
1343,8757
1342,8758
1341,8759
1340,8760
1339,8761
1338,8762
1337,8763
1336,8764
1335,8765
1334,8766
1333,8767
1332,8768
1331,8769
1330,8770
1329,8771
1328,8772
1327,8773
1326,8774
1325,8775
1324,8776
1323,8777
1322,8778
1321,8779
1320,8780
1319,8781
1318,8782
1317,8783
1316,8784
1315,8785
1314,8786
1313,8787
1312,8788
1311,8789
1310,8790
1309,8791
1308,8792
1307,8793
1306,8794
1305,8795
1304,8796
1303,8797
1302,8798
1301,8799
1300,8800
1299,8801
1298,8802
1297,8803
1296,8804
1295,8805
1294,8806
1293,8807
1292,8808
1291,8809
1290,8810
1289,8811
1288,8812
1287,8813
1286,8814
1285,8815
1284,8816
1283,8817
1282,8818
1281,8819
1280,8820
1279,8821
1278,8822
1277,8823
1276,8824
1275,8825
1274,8826
1273,8827
1272,8828
1271,8829
1270,8830
1269,8831
1268,8832
1267,8833
1266,8834
1265,8835
1264,8836
1263,8837
1262,8838
1261,8839
1260,8840
1259,8841
1258,8842
1257,8843
1256,8844
1255,8845
1254,8846
1253,8847
1252,8848
1251,8849
1250,8850
1249,8851
1248,8852
1247,8853
1246,8854
1245,8855
1244,8856
1243,8857
1242,8858
1241,8859
1240,8860
1239,8861
1238,8862
1237,8863
1236,8864
1235,8865
1234,8866
1233,8867
1232,8868
1231,8869
1230,8870
1229,8871
1228,8872
1227,8873
1226,8874
1225,8875
1224,8876
1223,8877
1222,8878
1221,8879
1220,8880
1219,8881
1218,8882
1217,8883
1216,8884
1215,8885
1214,8886
1213,8887
1212,8888
1211,8889
1210,8890
1209,8891
1208,8892
1207,8893
1206,8894
1205,8895
1204,8896
1203,8897
1202,8898
1201,8899
1200,8900
1199,8901
1198,8902
1197,8903
1196,8904
1195,8905
1194,8906
1193,8907
1192,8908
1191,8909
1190,8910
1189,8911
1188,8912
1187,8913
1186,8914
1185,8915
1184,8916
1183,8917
1182,8918
1181,8919
1180,8920
1179,8921
1178,8922
1177,8923
1176,8924
1175,8925
1174,8926
1173,8927
1172,8928
1171,8929
1170,8930
1169,8931
1168,8932
1167,8933
1166,8934
1165,8935
1164,8936
1163,8937
1162,8938
1161,8939
1160,8940
1159,8941
1158,8942
1157,8943
1156,8944
1155,8945
1154,8946
1153,8947
1152,8948
1151,8949
1150,8950
1149,8951
1148,8952
1147,8953
1146,8954
1145,8955
1144,8956
1143,8957
1142,8958
1141,8959
1140,8960
1139,8961
1138,8962
1137,8963
1136,8964
1135,8965
1134,8966
1133,8967
1132,8968
1131,8969
1130,8970
1129,8971
1128,8972
1127,8973
1126,8974
1125,8975
1124,8976
1123,8977
1122,8978
1121,8979
1120,8980
1119,8981
1118,8982
1117,8983
1116,8984
1115,8985
1114,8986
1113,8987
1112,8988
1111,8989
1110,8990
1109,8991
1108,8992
1107,8993
1106,8994
1105,8995
1104,8996
1103,8997
1102,8998
1101,8999
1100,9000
1099,9001
1098,9002
1097,9003
1096,9004
1095,9005
1094,9006
1093,9007
1092,9008
1091,9009
1090,9010
1089,9011
1088,9012
1087,9013
1086,9014
1085,9015
1084,9016
1083,9017
1082,9018
1081,9019
1080,9020
1079,9021
1078,9022
1077,9023
1076,9024
1075,9025
1074,9026
1073,9027
1072,9028
1071,9029
1070,9030
1069,9031
1068,9032
1067,9033
1066,9034
1065,9035
1064,9036
1063,9037
1062,9038
1061,9039
1060,9040
1059,9041
1058,9042
1057,9043
1056,9044
1055,9045
1054,9046
1053,9047
1052,9048
1051,9049
1050,9050
1049,9051
1048,9052
1047,9053
1046,9054
1045,9055
1044,9056
1043,9057
1042,9058
1041,9059
1040,9060
1039,9061
1038,9062
1037,9063
1036,9064
1035,9065
1034,9066
1033,9067
1032,9068
1031,9069
1030,9070
1029,9071
1028,9072
1027,9073
1026,9074
1025,9075
1024,9076
1023,9077
1022,9078
1021,9079
1020,9080
1019,9081
1018,9082
1017,9083
1016,9084
1015,9085
1014,9086
1013,9087
1012,9088
1011,9089
1010,9090
1009,9091
1008,9092
1007,9093
1006,9094
1005,9095
1004,9096
1003,9097
1002,9098
1001,9099
1000,9100
999,9101
998,9102
997,9103
996,9104
995,9105
994,9106
993,9107
992,9108
991,9109
990,9110
989,9111
988,9112
987,9113
986,9114
985,9115
984,9116
983,9117
982,9118
981,9119
980,9120
979,9121
978,9122
977,9123
976,9124
975,9125
974,9126
973,9127
972,9128
971,9129
970,9130
969,9131
968,9132
967,9133
966,9134
965,9135
964,9136
963,9137
962,9138
961,9139
960,9140
959,9141
958,9142
957,9143
956,9144
955,9145
954,9146
953,9147
952,9148
951,9149
950,9150
949,9151
948,9152
947,9153
946,9154
945,9155
944,9156
943,9157
942,9158
941,9159
940,9160
939,9161
938,9162
937,9163
936,9164
935,9165
934,9166
933,9167
932,9168
931,9169
930,9170
929,9171
928,9172
927,9173
926,9174
925,9175
924,9176
923,9177
922,9178
921,9179
920,9180
919,9181
918,9182
917,9183
916,9184
915,9185
914,9186
913,9187
912,9188
911,9189
910,9190
909,9191
908,9192
907,9193
906,9194
905,9195
904,9196
903,9197
902,9198
901,9199
900,9200
899,9201
898,9202
897,9203
896,9204
895,9205
894,9206
893,9207
892,9208
891,9209
890,9210
889,9211
888,9212
887,9213
886,9214
885,9215
884,9216
883,9217
882,9218
881,9219
880,9220
879,9221
878,9222
877,9223
876,9224
875,9225
874,9226
873,9227
872,9228
871,9229
870,9230
869,9231
868,9232
867,9233
866,9234
865,9235
864,9236
863,9237
862,9238
861,9239
860,9240
859,9241
858,9242
857,9243
856,9244
855,9245
854,9246
853,9247
852,9248
851,9249
850,9250
849,9251
848,9252
847,9253
846,9254
845,9255
844,9256
843,9257
842,9258
841,9259
840,9260
839,9261
838,9262
837,9263
836,9264
835,9265
834,9266
833,9267
832,9268
831,9269
830,9270
829,9271
828,9272
827,9273
826,9274
825,9275
824,9276
823,9277
822,9278
821,9279
820,9280
819,9281
818,9282
817,9283
816,9284
815,9285
814,9286
813,9287
812,9288
811,9289
810,9290
809,9291
808,9292
807,9293
806,9294
805,9295
804,9296
803,9297
802,9298
801,9299
800,9300
799,9301
798,9302
797,9303
796,9304
795,9305
794,9306
793,9307
792,9308
791,9309
790,9310
789,9311
788,9312
787,9313
786,9314
785,9315
784,9316
783,9317
782,9318
781,9319
780,9320
779,9321
778,9322
777,9323
776,9324
775,9325
774,9326
773,9327
772,9328
771,9329
770,9330
769,9331
768,9332
767,9333
766,9334
765,9335
764,9336
763,9337
762,9338
761,9339
760,9340
759,9341
758,9342
757,9343
756,9344
755,9345
754,9346
753,9347
752,9348
751,9349
750,9350
749,9351
748,9352
747,9353
746,9354
745,9355
744,9356
743,9357
742,9358
741,9359
740,9360
739,9361
738,9362
737,9363
736,9364
735,9365
734,9366
733,9367
732,9368
731,9369
730,9370
729,9371
728,9372
727,9373
726,9374
725,9375
724,9376
723,9377
722,9378
721,9379
720,9380
719,9381
718,9382
717,9383
716,9384
715,9385
714,9386
713,9387
712,9388
711,9389
710,9390
709,9391
708,9392
707,9393
706,9394
705,9395
704,9396
703,9397
702,9398
701,9399
700,9400
699,9401
698,9402
697,9403
696,9404
695,9405
694,9406
693,9407
692,9408
691,9409
690,9410
689,9411
688,9412
687,9413
686,9414
685,9415
684,9416
683,9417
682,9418
681,9419
680,9420
679,9421
678,9422
677,9423
676,9424
675,9425
674,9426
673,9427
672,9428
671,9429
670,9430
669,9431
668,9432
667,9433
666,9434
665,9435
664,9436
663,9437
662,9438
661,9439
660,9440
659,9441
658,9442
657,9443
656,9444
655,9445
654,9446
653,9447
652,9448
651,9449
650,9450
649,9451
648,9452
647,9453
646,9454
645,9455
644,9456
643,9457
642,9458
641,9459
640,9460
639,9461
638,9462
637,9463
636,9464
635,9465
634,9466
633,9467
632,9468
631,9469
630,9470
629,9471
628,9472
627,9473
626,9474
625,9475
624,9476
623,9477
622,9478
621,9479
620,9480
619,9481
618,9482
617,9483
616,9484
615,9485
614,9486
613,9487
612,9488
611,9489
610,9490
609,9491
608,9492
607,9493
606,9494
605,9495
604,9496
603,9497
602,9498
601,9499
600,9500
599,9501
598,9502
597,9503
596,9504
595,9505
594,9506
593,9507
592,9508
591,9509
590,9510
589,9511
588,9512
587,9513
586,9514
585,9515
584,9516
583,9517
582,9518
581,9519
580,9520
579,9521
578,9522
577,9523
576,9524
575,9525
574,9526
573,9527
572,9528
571,9529
570,9530
569,9531
568,9532
567,9533
566,9534
565,9535
564,9536
563,9537
562,9538
561,9539
560,9540
559,9541
558,9542
557,9543
556,9544
555,9545
554,9546
553,9547
552,9548
551,9549
550,9550
549,9551
548,9552
547,9553
546,9554
545,9555
544,9556
543,9557
542,9558
541,9559
540,9560
539,9561
538,9562
537,9563
536,9564
535,9565
534,9566
533,9567
532,9568
531,9569
530,9570
529,9571
528,9572
527,9573
526,9574
525,9575
524,9576
523,9577
522,9578
521,9579
520,9580
519,9581
518,9582
517,9583
516,9584
515,9585
514,9586
513,9587
512,9588
511,9589
510,9590
509,9591
508,9592
507,9593
506,9594
505,9595
504,9596
503,9597
502,9598
501,9599
500,9600
499,9601
498,9602
497,9603
496,9604
495,9605
494,9606
493,9607
492,9608
491,9609
490,9610
489,9611
488,9612
487,9613
486,9614
485,9615
484,9616
483,9617
482,9618
481,9619
480,9620
479,9621
478,9622
477,9623
476,9624
475,9625
474,9626
473,9627
472,9628
471,9629
470,9630
469,9631
468,9632
467,9633
466,9634
465,9635
464,9636
463,9637
462,9638
461,9639
460,9640
459,9641
458,9642
457,9643
456,9644
455,9645
454,9646
453,9647
452,9648
451,9649
450,9650
449,9651
448,9652
447,9653
446,9654
445,9655
444,9656
443,9657
442,9658
441,9659
440,9660
439,9661
438,9662
437,9663
436,9664
435,9665
434,9666
433,9667
432,9668
431,9669
430,9670
429,9671
428,9672
427,9673
426,9674
425,9675
424,9676
423,9677
422,9678
421,9679
420,9680
419,9681
418,9682
417,9683
416,9684
415,9685
414,9686
413,9687
412,9688
411,9689
410,9690
409,9691
408,9692
407,9693
406,9694
405,9695
404,9696
403,9697
402,9698
401,9699
400,9700
399,9701
398,9702
397,9703
396,9704
395,9705
394,9706
393,9707
392,9708
391,9709
390,9710
389,9711
388,9712
387,9713
386,9714
385,9715
384,9716
383,9717
382,9718
381,9719
380,9720
379,9721
378,9722
377,9723
376,9724
375,9725
374,9726
373,9727
372,9728
371,9729
370,9730
369,9731
368,9732
367,9733
366,9734
365,9735
364,9736
363,9737
362,9738
361,9739
360,9740
359,9741
358,9742
357,9743
356,9744
355,9745
354,9746
353,9747
352,9748
351,9749
350,9750
349,9751
348,9752
347,9753
346,9754
345,9755
344,9756
343,9757
342,9758
341,9759
340,9760
339,9761
338,9762
337,9763
336,9764
335,9765
334,9766
333,9767
332,9768
331,9769
330,9770
329,9771
328,9772
327,9773
326,9774
325,9775
324,9776
323,9777
322,9778
321,9779
320,9780
319,9781
318,9782
317,9783
316,9784
315,9785
314,9786
313,9787
312,9788
311,9789
310,9790
309,9791
308,9792
307,9793
306,9794
305,9795
304,9796
303,9797
302,9798
301,9799
300,9800
299,9801
298,9802
297,9803
296,9804
295,9805
294,9806
293,9807
292,9808
291,9809
290,9810
289,9811
288,9812
287,9813
286,9814
285,9815
284,9816
283,9817
282,9818
281,9819
280,9820
279,9821
278,9822
277,9823
276,9824
275,9825
274,9826
273,9827
272,9828
271,9829
270,9830
269,9831
268,9832
267,9833
266,9834
265,9835
264,9836
263,9837
262,9838
261,9839
260,9840
259,9841
258,9842
257,9843
256,9844
255,9845
254,9846
253,9847
252,9848
251,9849
250,9850
249,9851
248,9852
247,9853
246,9854
245,9855
244,9856
243,9857
242,9858
241,9859
240,9860
239,9861
238,9862
237,9863
236,9864
235,9865
234,9866
233,9867
232,9868
231,9869
230,9870
229,9871
228,9872
227,9873
226,9874
225,9875
224,9876
223,9877
222,9878
221,9879
220,9880
219,9881
218,9882
217,9883
216,9884
215,9885
214,9886
213,9887
212,9888
211,9889
210,9890
209,9891
208,9892
207,9893
206,9894
205,9895
204,9896
203,9897
202,9898
201,9899
200,9900
199,9901
198,9902
197,9903
196,9904
195,9905
194,9906
193,9907
192,9908
191,9909
190,9910
189,9911
188,9912
187,9913
186,9914
185,9915
184,9916
183,9917
182,9918
181,9919
180,9920
179,9921
178,9922
177,9923
176,9924
175,9925
174,9926
173,9927
172,9928
171,9929
170,9930
169,9931
168,9932
167,9933
166,9934
165,9935
164,9936
163,9937
162,9938
161,9939
160,9940
159,9941
158,9942
157,9943
156,9944
155,9945
154,9946
153,9947
152,9948
151,9949
150,9950
149,9951
148,9952
147,9953
146,9954
145,9955
144,9956
143,9957
142,9958
141,9959
140,9960
139,9961
138,9962
137,9963
136,9964
135,9965
134,9966
133,9967
132,9968
131,9969
130,9970
129,9971
128,9972
127,9973
126,9974
125,9975
124,9976
123,9977
122,9978
121,9979
120,9980
119,9981
118,9982
117,9983
116,9984
115,9985
114,9986
113,9987
112,9988
111,9989
110,9990
109,9991
108,9992
107,9993
106,9994
105,9995
104,9996
103,9997
102,9998
101,9999
100,10000
99,10001
98,10002
97,10003
96,10004
95,10005
94,10006
93,10007
92,10008
91,10009
90,10010
89,10011
88,10012
87,10013
86,10014
85,10015
84,10016
83,10017
82,10018
81,10019
80,10020
79,10021
78,10022
77,10023
76,10024
75,10025
74,10026
73,10027
72,10028
71,10029
70,10030
69,10031
68,10032
67,10033
66,10034
65,10035
64,10036
63,10037
62,10038
61,10039
60,10040
59,10041
58,10042
57,10043
56,10044
55,10045
54,10046
53,10047
52,10048
51,10049
50,10050
49,10051
48,10052
47,10053
46,10054
45,10055
44,10056
43,10057
42,10058
41,10059
40,10060
39,10061
38,10062
37,10063
36,10064
35,10065
34,10066
33,10067
32,10068
31,10069
30,10070
29,10071
28,10072
27,10073
26,10074
25,10075
24,10076
23,10077
22,10078
21,10079
20,10080
19,10081
18,10082
17,10083
16,10084
15,10085
14,10086
13,10087
12,10088
11,10089
10,10090
9,10091
8,10092
7,10093
6,10094
5,10095
4,10096
3,10097
2,10098
1,10099

# Example Comment
instructions:
LD R0 100
LD R2 100 # outer loop counter
ADDI R6 R6 0
ADDI R6 R6 0
ADDI R6 R6 0
MUL R2 R2 R0 # gets R2 to 10000
LD R0 0 # reset R0 to 0
LD R1 100 #inner loop index
LD R0 100
LD R3 100
ADDI R6 R6 0
ADDI R6 R6 0
ADDI R6 R6 0
MUL R3 R3 R0 
SUBI R3 R3 1 # gets R3 to 99999
LD R0 0 # rest R0 to 0
PUSH 256
FUNC innerloop
AND R0 R0 0 # DUMMY
AND R0 R0 0
SUBI R2 R2 1
BGT R0 R2 15
HLT

function: innerloop
LDI R4 R1 0
LDI R5 R1 1
SUB R7 R4 20 # If R7 is negative then R5 is larger than R4 and should not swap, should skip
BLT R0 R7 2
STI R4 R1 1
STI R5 R1 0
ADDI R1 R1 1
SUBI R3 R3 1
BGT R0 R3 9 # RS = R3, RD = R1
POP 256